6.919e-05,6.58e-06,0.00012465
0.00011656,6.677e-05,0.00032048
9.433e-05,0.00026768,0.00026191
3.916e-05,0.00013737,0.00012407
8.414e-05,0.00011812,0.00016198
6.938e-05,9.888e-05,0.00018109
5.462e-05,7.963e-05,0.0002002
3.987e-05,6.038e-05,0.00021931
6.821e-05,2.995e-05,0.00014892
6.573e-05,8.983e-05,0.00022218
6.241e-05,0.00010512,0.00022171
5.91e-05,8.61e-05,0.00022124
5.578e-05,6.191e-05,0.00022077
5.246e-05,3.771e-05,0.00022031
4.914e-05,1.352e-05,0.00021984
3.835e-05,7.7e-05,0.00013357
3.186e-05,0.00012125,0.00022433
4.984e-05,0.0001531,0.00022292
1.957e-05,0.00010624,0.00017107
3.195e-05,0.00016067,0.00017209
4.432e-05,0.00021511,0.00017311
5.67e-05,0.00026954,0.00017413
2.802e-05,0.000137,0.00020911
3.683e-05,1.539e-05,7.759e-05
3.159e-05,0.00018951,0.0001173
0.00018901,5.684e-05,8.965e-05
0.0001526,4.933e-05,9.494e-05
0.0001162,4.181e-05,0.00010022
7.98e-05,3.429e-05,0.00010551
3.879e-05,4.041e-05,6.924e-05
2.264e-05,3.638e-05,0.00010267
9.662e-05,7.629e-05,6.91e-05
9.082e-05,7.507e-05,6.963e-05
8.502e-05,7.385e-05,7.015e-05
7.922e-05,7.264e-05,7.068e-05
7.342e-05,0.00011107,7.121e-05
6.762e-05,0.00012277,7.173e-05
6.997e-05,0.00014549,7.83e-05
0.00020527,8.853e-05,0.00013165
0.0001564,8.764e-05,0.00011047
0.00010753,8.675e-05,8.93e-05
5.866e-05,8.586e-05,6.813e-05
7.412e-05,0.00012622,8.18e-05
9.961e-05,0.00016785,4.997e-05
0.000244,3.813e-05,0.00010162
3.719e-05,3.425e-05,6.202e-05
7.439e-05,3.757e-05,5.404e-05
0.00011158,4.088e-05,4.607e-05
9.124e-05,5.469e-05,6.817e-05
0.00020108,6.67e-05,4.987e-05
7.542e-05,3.518e-05,7.951e-05
2.153e-05,2.42e-05,0.00010746
3.913e-05,2.691e-05,9.586e-05
5.673e-05,2.963e-05,8.427e-05
7.434e-05,3.235e-05,7.267e-05
6.192e-05,3.101e-05,9.884e-05
3.208e-05,2.998e-05,5.515e-05
5.178e-05,2.884e-05,5.426e-05
4.057e-05,6.058e-05,3.492e-05
4.665e-05,0.00010356,3.24e-05
5.273e-05,0.00014653,2.987e-05
5.881e-05,0.00018951,2.734e-05
3.829e-05,0.00023248,2.218e-05
4.232e-05,0.00012115,6.523e-05
4.476e-05,7.008e-05,3.912e-05
0.00012673,0.00010566,5.166e-05
0.00010158,9.956e-05,5.959e-05
7.643e-05,9.345e-05,6.751e-05
5.128e-05,8.735e-05,7.544e-05
6.369e-05,0.00012236,4.1e-05
4.752e-05,9.903e-05,8.73e-05
0.00010334,0.00022161,5.476e-05
0.00018097,0.00030663,3.218e-05
0.00019088,0.00028538,5.476e-05
0.00020079,0.00026413,7.734e-05
0.0002107,0.00024289,9.992e-05
9.632e-05,0.0002189,6.251e-05
6.61e-05,0.00025834,6.662e-05
8.398e-05,0.00028078,6.435e-05
0.00018776,0.0001464,0.000105
0.00016218,0.00011224,8.712e-05
0.00013659,7.808e-05,6.925e-05
0.00011101,4.392e-05,5.137e-05
8.543e-05,7.551e-05,3.35e-05
9.651e-05,0.00013239,4.355e-05
5.389e-05,0.00020729,4.65e-05
7.332e-05,0.00020361,3.338e-05
0.00010205,0.00016924,6.329e-05
0.00013078,0.00013487,9.32e-05
0.00015951,0.0001005,0.00012311
5.982e-05,9.092e-05,5.061e-05
0.00014326,0.00026208,7.615e-05
0.00010217,7.029e-05,8.896e-05
9.34e-05,0.00012068,3.088e-05
8.983e-05,9.823e-05,3.628e-05
8.625e-05,7.578e-05,4.168e-05
8.267e-05,5.333e-05,4.709e-05
3.132e-05,4.94e-05,3.664e-05
9.349e-05,5.142e-05,3.295e-05
9.69e-06,5.345e-05,3.213e-05
3.233e-05,2.918e-05,6.542e-05
3.107e-05,2.409e-05,7.418e-05
2.981e-05,1.9e-05,8.294e-05
2.855e-05,1.39e-05,9.17e-05
2.85e-05,2.232e-05,0.00014873
1.648e-05,4.076e-05,5.639e-05
3.063e-05,0.00015138,4.73e-05
3.703e-05,3.774e-05,6.438e-05
2.911e-05,3.587e-05,8.03e-05
2.119e-05,3.399e-05,9.621e-05
1.327e-05,3.211e-05,0.00011213
2.054e-05,8.769e-05,7.069e-05
3.529e-05,8.221e-05,3.644e-05
4.027e-05,2.259e-05,4.812e-05
2.514e-05,3.672e-05,8.395e-05
3.038e-05,6.104e-05,7.573e-05
3.562e-05,8.535e-05,6.75e-05
4.086e-05,0.00010967,5.928e-05
7.85e-06,3.008e-05,4.109e-05
2.795e-05,0.00011865,9.764e-05
3.387e-05,5.923e-05,1.753e-05
2.067e-05,0.00012633,2.854e-05
2.284e-05,9.704e-05,3.12e-05
2.501e-05,6.776e-05,3.385e-05
2.718e-05,3.848e-05,3.65e-05
1.179e-05,3.557e-05,2.94e-05
2.248e-05,2.025e-05,2.553e-05
4.039e-05,1.987e-05,3.133e-05
2.053e-05,1.411e-05,3.491e-05
2.166e-05,2.27e-05,4.122e-05
2.279e-05,3.129e-05,4.754e-05
2.392e-05,3.988e-05,5.385e-05
2.096e-05,1.393e-05,2.535e-05
1.035e-05,2.068e-05,1.819e-05
2.617e-05,1.966e-05,3.247e-05
1.397e-05,2.865e-05,2.418e-05
1.538e-05,2.52e-05,2.894e-05
1.679e-05,2.175e-05,3.371e-05
1.82e-05,1.83e-05,3.847e-05
5.559e-05,1.301e-05,5.362e-05
3.976e-05,2.831e-05,5.415e-05
8.12e-06,4.504e-05,6.003e-05
4.85e-05,1.053e-05,8.446e-05
4.252e-05,2.342e-05,7.632e-05
3.653e-05,3.631e-05,6.818e-05
3.055e-05,4.92e-05,6.004e-05
8e-06,9.309e-05,2.927e-05
5.821e-05,2.241e-05,2.914e-05
8.33e-06,3.474e-05,3.386e-05
1.617e-05,3.017e-05,2.346e-05
1.956e-05,2.644e-05,3.865e-05
2.294e-05,2.272e-05,5.384e-05
2.633e-05,1.899e-05,6.903e-05
1.872e-05,5.6e-05,5.433e-05
2.126e-05,2.499e-05,5.49e-05
3.342e-05,1.73e-05,3.363e-05
1.811e-05,6.09e-06,6.864e-05
1.417e-05,6.35e-06,7.766e-05
1.024e-05,6.61e-06,8.667e-05
6.3e-06,6.87e-06,9.568e-05
3.629e-05,7.12e-06,0.00026449
1.37e-05,1.282e-05,0.00011756
2.239e-05,1.166e-05,0.00013604
2.864e-05,1.67e-05,0.00011046
2.46e-05,1.594e-05,0.00010179
2.057e-05,1.517e-05,9.312e-05
1.653e-05,1.44e-05,8.445e-05
1.352e-05,2.524e-05,0.00018016
2.325e-05,9.57e-06,0.00011319
2.19e-05,2.73e-05,0.00011796
1.375e-05,1.119e-05,6.272e-05
1.469e-05,2.358e-05,5.744e-05
1.563e-05,3.596e-05,5.216e-05
1.657e-05,4.835e-05,4.688e-05
2.245e-05,1.817e-05,3.371e-05
2.62e-05,5.269e-05,1.96e-05
2.382e-05,6.488e-05,2.76e-05
3.748e-05,1.535e-05,3.33e-05
3.301e-05,1.273e-05,4.106e-05
2.854e-05,1.011e-05,4.882e-05
2.407e-05,7.49e-06,5.658e-05
1.96e-05,1.416e-05,6.434e-05
4.28e-05,1.267e-05,9.362e-05
1.834e-05,2.108e-05,7.672e-05
1.406e-05,1.101e-05,3.264e-05
1.383e-05,1.02e-05,3.707e-05
1.361e-05,9.38e-06,4.149e-05
1.338e-05,8.57e-06,4.592e-05
1.316e-05,2.09e-05,5.035e-05
1.294e-05,1.512e-05,5.478e-05
1.271e-05,1.085e-05,5.921e-05
1.249e-05,6.84e-06,6.364e-05
1.227e-05,7.79e-06,6.806e-05
1.204e-05,8.74e-06,7.249e-05
1.182e-05,9.69e-06,7.692e-05
4.417e-05,6.11e-06,4.877e-05
8.41e-06,1.269e-05,6.198e-05
1.012e-05,2.96e-05,7.62e-05
4.219e-05,8.66e-06,0.00012779
3.29e-05,8.45e-06,0.00012226
2.361e-05,8.24e-06,0.00011674
1.432e-05,8.03e-06,0.00011121
1.485e-05,1.855e-05,6.612e-05
5.68e-06,8.98e-06,7.448e-05
1.354e-05,8.85e-06,4.004e-05
1.752e-05,2.709e-05,5.654e-05
1.487e-05,2.381e-05,5.246e-05
1.223e-05,2.054e-05,4.839e-05
9.58e-06,1.726e-05,4.432e-05
1.78e-05,2.448e-05,0.00026559
1.521e-05,1.395e-05,8.932e-05
5.54e-06,2.955e-05,6.268e-05
2.305e-05,1.634e-05,9.863e-05
2.341e-05,1.347e-05,0.00011317
2.378e-05,1.06e-05,0.00012771
2.414e-05,7.74e-06,0.00014225
2.444e-05,1.704e-05,0.00027168
2.052e-05,2.165e-05,6.179e-05
2.121e-05,1.914e-05,6.472e-05
3.938e-05,1.479e-05,7.37e-05
4.399e-05,2.077e-05,7.658e-05
4.86e-05,2.674e-05,7.946e-05
5.321e-05,3.272e-05,8.233e-05
6.476e-05,9.52e-06,5.902e-05
2.408e-05,1.453e-05,8.006e-05
9.271e-05,1.614e-05,0.00024547
2.37e-05,8.02e-06,9.09e-05
2.177e-05,7.34e-06,0.00012131
1.983e-05,6.66e-06,0.00015172
1.789e-05,5.98e-06,0.00018212
0.00033625,1.066e-05,0.0002048
5.124e-05,9.99e-06,9.056e-05
5.498e-05,6.58e-06,3.923e-05
4.013e-05,6.3e-06,9.985e-05
3.885e-05,6.38e-06,9.471e-05
3.758e-05,6.45e-06,8.958e-05
3.63e-05,6.53e-06,8.444e-05
1.453e-05,5.49e-06,6.213e-05
3.065e-05,7.05e-06,4.482e-05
1.662e-05,1.128e-05,2.752e-05
4.862e-05,1.551e-05,0.0001065
3.961e-05,1.331e-05,8.676e-05
3.06e-05,1.11e-05,6.702e-05
2.16e-05,8.89e-06,4.728e-05
1.115e-05,6.62e-06,9.359e-05
8.085e-05,6.73e-06,0.0001794
1.53e-06,6.72e-06,0.00012156
0.00011765,5.35e-06,7.004e-05
9.816e-05,7.58e-06,8.488e-05
7.868e-05,9.81e-06,9.972e-05
5.919e-05,1.205e-05,0.00011455
3.128e-05,1.12e-05,9.359e-05
1.457e-05,1.774e-05,8.759e-05
6.413e-05,2.427e-05,7.409e-05
1.591e-05,1.341e-05,6.09e-05
1.896e-05,1.288e-05,5.347e-05
2.201e-05,1.236e-05,4.604e-05
2.505e-05,1.183e-05,3.861e-05
3.798e-05,9.58e-06,5.33e-05
2.109e-05,1.443e-05,0.00011109
1.843e-05,1.234e-05,5.595e-05
2.676e-05,4.62e-06,3.343e-05
2.141e-05,4.81e-06,4.522e-05
1.607e-05,4.99e-06,5.701e-05
1.072e-05,5.18e-06,6.88e-05
4.897e-05,1.101e-05,3.226e-05
1.296e-05,8.22e-06,8.757e-05
2.017e-05,8.06e-06,4.733e-05
4.723e-05,9.17e-06,6.1e-05
4.001e-05,8.84e-06,6.317e-05
3.278e-05,8.5e-06,6.534e-05
2.555e-05,8.17e-06,6.751e-05
2.447e-05,1.435e-05,6.4e-05
2.175e-05,2.054e-05,4.737e-05
9.37e-06,2.124e-05,8.765e-05
1.083e-05,2.827e-05,0.00011798
1.774e-05,2.589e-05,0.00010162
2.465e-05,2.351e-05,8.525e-05
3.156e-05,2.113e-05,6.889e-05
3.848e-05,4.107e-05,5.252e-05
4.539e-05,6.101e-05,3.616e-05
1.909e-05,3.429e-05,5.644e-05
8.605e-05,2.899e-05,2.622e-05
6.478e-05,3.475e-05,3.057e-05
4.35e-05,4.051e-05,3.491e-05
2.223e-05,4.627e-05,3.925e-05
2.247e-05,2.05e-05,1.883e-05
1.77e-05,6.776e-05,4.971e-05
3.313e-05,3.767e-05,6.149e-05
0.00020108,0.00013859,7.55e-05
0.00015011,0.00010533,5.997e-05
9.915e-05,7.208e-05,4.445e-05
4.818e-05,3.882e-05,2.892e-05
6.374e-05,5.56e-05,2.279e-05
3.94e-05,4.892e-05,4.178e-05
4.932e-05,2.03e-05,4.537e-05
4.975e-05,3.277e-05,3.865e-05
5.663e-05,3.309e-05,3.919e-05
6.351e-05,3.341e-05,3.974e-05
7.039e-05,3.373e-05,4.028e-05
4.782e-05,3.405e-05,0.00011348
0.0001009,0.00016184,8.666e-05
5.017e-05,4.136e-05,4.341e-05
3.294e-05,2.27e-05,5.314e-05
6.897e-05,7.591e-05,7.15e-05
0.00010499,0.00012912,8.986e-05
0.00014102,0.00018233,0.00010823
8.279e-05,7.251e-05,7.924e-05
8.192e-05,8.172e-05,3.566e-05
7.062e-05,6.812e-05,6.479e-05
4.877e-05,3.505e-05,2.462e-05
7.653e-05,3.111e-05,2.617e-05
0.00010429,2.716e-05,2.772e-05
0.00013204,2.321e-05,2.927e-05
0.0001598,1.074e-05,3.082e-05
0.00018756,1.539e-05,3.237e-05
0.00021532,2.997e-05,3.392e-05
0.00024308,1.375e-05,3.547e-05
0.00027084,1.208e-05,3.702e-05
0.0002986,1.04e-05,3.857e-05
0.00032635,8.73e-06,4.012e-05
6.507e-05,2.081e-05,4.808e-05
4.891e-05,2.274e-05,2.214e-05
6.144e-05,1.076e-05,3.979e-05
0.00015675,9.94e-06,1.833e-05
0.0001274,1.226e-05,2.441e-05
9.805e-05,1.458e-05,3.049e-05
6.87e-05,1.69e-05,3.658e-05
8.533e-05,1.922e-05,4.504e-05
2.768e-05,1.911e-05,3.279e-05
1.492e-05,1.288e-05,2.299e-05
1.927e-05,2.066e-05,3.322e-05
1.791e-05,1.871e-05,3.743e-05
1.655e-05,1.676e-05,4.164e-05
1.519e-05,1.482e-05,4.585e-05
1.719e-05,2.367e-05,3.144e-05
1.887e-05,5.657e-05,1.599e-05
1.987e-05,2.787e-05,3.273e-05
1.488e-05,1.45e-05,2.525e-05
2.654e-05,1.414e-05,2.687e-05
3.821e-05,1.378e-05,2.849e-05
4.987e-05,1.342e-05,3.01e-05
0.00010567,1.509e-05,4.097e-05
2.093e-05,1.688e-05,3.394e-05
2.272e-05,1.087e-05,3.655e-05
3.224e-05,1.229e-05,4.076e-05
3.008e-05,1.276e-05,3.94e-05
2.792e-05,1.324e-05,3.804e-05
2.576e-05,1.372e-05,3.668e-05
7.881e-05,2.273e-05,2.357e-05
3.704e-05,3.402e-05,4.039e-05
3.959e-05,1.952e-05,4.173e-05
0.00014662,5.846e-05,1.712e-05
0.00010754,5.744e-05,1.623e-05
6.846e-05,5.642e-05,1.534e-05
2.938e-05,5.541e-05,1.445e-05
1.274e-05,3.265e-05,2.517e-05
1.807e-05,6.215e-05,7.586e-05
2.756e-05,2.412e-05,4.473e-05
1.896e-05,1.876e-05,1.713e-05
1.714e-05,2.791e-05,2.012e-05
1.532e-05,3.705e-05,2.31e-05
1.349e-05,4.62e-05,2.609e-05
8.45e-06,1.973e-05,1.666e-05
7.38e-06,2.228e-05,5.505e-05
1.476e-05,4.224e-05,1.599e-05
1.932e-05,4.118e-05,4.058e-05
1.644e-05,3.093e-05,3.41e-05
1.357e-05,2.069e-05,2.762e-05
1.07e-05,1.044e-05,2.114e-05
6.94e-06,6.04e-06,3.276e-05
3.338e-05,1.536e-05,2.729e-05
6.66e-05,1.021e-05,1.271e-05
5.203e-05,6.47e-06,1.375e-05
3.746e-05,6.11e-06,1.479e-05
2.29e-05,5.75e-06,1.584e-05
8.33e-06,5.38e-06,1.688e-05
8.75e-06,1.553e-05,1.116e-05
5.48e-06,9.05e-06,2.016e-05
6.04e-06,1.669e-05,1.924e-05
1.422e-05,7.88e-06,5.403e-05
1.245e-05,8.66e-06,4.619e-05
1.069e-05,9.44e-06,3.836e-05
8.93e-06,1.021e-05,3.052e-05
3.76e-06,8.28e-06,2.044e-05
1.916e-05,2.272e-05,1.706e-05
8.43e-06,1.044e-05,3.092e-05
8.43e-06,9.64e-06,3.183e-05
8.37e-06,8.84e-06,2.594e-05
8.3e-06,8.04e-06,2.004e-05
8.24e-06,7.24e-06,1.415e-05
1.794e-05,1.376e-05,2.036e-05
6.26e-06,1.331e-05,2.13e-05
1.413e-05,1.561e-05,4.76e-05
9.4e-06,8.65e-06,2.728e-05
1.077e-05,8.27e-06,4.361e-05
1.215e-05,7.89e-06,5.994e-05
1.352e-05,7.51e-06,7.627e-05
1.766e-05,1.488e-05,2.482e-05
1.865e-05,2.495e-05,2.29e-05
1.964e-05,8.595e-05,2.098e-05
2.063e-05,9.23e-05,1.907e-05
2.162e-05,7.496e-05,1.715e-05
2.261e-05,5.761e-05,1.523e-05
2.36e-05,4.027e-05,1.331e-05
1.566e-05,4.897e-05,2.041e-05
1.023e-05,2.521e-05,1.71e-05
1.63e-05,4.2e-05,2.543e-05
3.877e-05,4.235e-05,2.773e-05
4.41e-05,4.358e-05,3.343e-05
4.942e-05,4.481e-05,3.913e-05
5.475e-05,4.604e-05,4.483e-05
3.9e-05,1.38e-05,3.571e-05
6.919e-05,2.137e-05,5.814e-05
3.397e-05,3.766e-05,3.872e-05
4.327e-05,1.982e-05,3.941e-05
6.117e-05,2.039e-05,4.469e-05
7.906e-05,2.095e-05,4.997e-05
9.695e-05,2.151e-05,5.525e-05
2.928e-05,5.45e-05,0.0001141
4.537e-05,1.218e-05,8.475e-05
3.423e-05,2.346e-05,0.00012517
1.74e-05,3.35e-05,8.468e-05
6.092e-05,3.326e-05,0.00014386
0.00010443,3.302e-05,0.00020304
0.00014794,3.278e-05,0.00026222
0.00010086,3.254e-05,0.00043102
5.823e-05,8.736e-05,0.0002738
3.365e-05,5.037e-05,0.00019118
3.624e-05,7.658e-05,0.00017483
4.435e-05,5.675e-05,0.00017555
5.245e-05,3.692e-05,0.00017627
6.055e-05,1.709e-05,0.00017699
5.958e-05,3.168e-05,0.00020401
2.921e-05,1.551e-05,0.00024866
2.536e-05,1.483e-05,0.00020787
2.85e-05,1.853e-05,0.00019129
3.164e-05,1.491e-05,0.0001747
3.478e-05,1.128e-05,0.00015812
3.791e-05,7.65e-06,0.00014154
5.651e-05,2.645e-05,0.00011512
9.635e-05,3.159e-05,8.706e-05
1.725e-05,2.292e-05,0.0001284
2.251e-05,1.402e-05,0.00012373
2.324e-05,1.214e-05,0.00011838
2.396e-05,1.026e-05,0.00011303
2.469e-05,8.38e-06,0.00010768
2.734e-05,2.838e-05,0.00011781
1.379e-05,1.544e-05,0.00013017
1.873e-05,8.25e-06,0.00011233
2.448e-05,7.83e-06,8.407e-05
2.744e-05,3.525e-05,9.788e-05
3.04e-05,6.268e-05,0.00011168
3.336e-05,9.01e-05,0.00012549
3.303e-05,3.389e-05,0.00027857
3.484e-05,4.081e-05,0.00011855
0.00018391,2.221e-05,0.00020989
0.00011996,2.447e-05,0.00023798
0.0001024,2.249e-05,0.00027502
8.483e-05,2.051e-05,0.00031205
6.727e-05,1.853e-05,0.00034909
2.518e-05,1.549e-05,0.00012018
1.684e-05,9.49e-06,0.0001017
1.146e-05,6.6e-06,0.0001398
1.216e-05,3.71e-06,0.00011542
1.981e-05,3.87e-06,0.000111
2.747e-05,4.04e-06,0.00010659
3.512e-05,4.21e-06,0.00010217
3.776e-05,9.93e-06,0.00014384
1.444e-05,8.51e-06,9.872e-05
0.00011744,1.038e-05,5.495e-05
5.94e-06,1.753e-05,0.00012683
1.347e-05,1.52e-05,0.00011981
2.101e-05,1.287e-05,0.00011279
2.854e-05,1.053e-05,0.00010577
0.00014629,1.125e-05,0.00013785
2.694e-05,1.169e-05,0.00013851
8.92e-06,8.11e-06,0.00013875
5.125e-05,2.28e-05,8.104e-05
3.718e-05,1.661e-05,0.00010032
2.31e-05,1.041e-05,0.0001196
9.02e-06,4.22e-06,0.00013888
2.528e-05,1.508e-05,0.00025558
2.82e-05,1.131e-05,0.00010246
2.848e-05,7.35e-06,8.101e-05
1.799e-05,4.412e-05,0.00011772
1.866e-05,4.149e-05,0.00013729
1.932e-05,3.886e-05,0.00015686
1.999e-05,3.623e-05,0.00017643
1.835e-05,2.537e-05,7.044e-05
3.09e-05,1.323e-05,0.00042712
4.678e-05,1.178e-05,6.065e-05
5.462e-05,1.023e-05,9.372e-05
4.203e-05,1.104e-05,8.138e-05
2.943e-05,1.186e-05,6.905e-05
1.684e-05,1.267e-05,5.671e-05
4.913e-05,2.196e-05,4.489e-05
8.213e-05,4.074e-05,8.851e-05
2.55e-05,6.74e-06,0.00022917
6.656e-05,1.232e-05,8.633e-05
5.274e-05,1.205e-05,7.737e-05
3.893e-05,1.177e-05,6.842e-05
2.511e-05,1.15e-05,5.947e-05
2.861e-05,1.571e-05,8.436e-05
8.235e-05,1.406e-05,8.172e-05
4.435e-05,5.65e-06,0.00011031
5.847e-05,1.123e-05,7.727e-05
5.209e-05,4.672e-05,7.08e-05
4.572e-05,8.221e-05,6.433e-05
3.934e-05,0.0001177,5.786e-05
2.516e-05,1.411e-05,5.418e-05
5.599e-05,2.02e-05,4.93e-05
5.324e-05,2.703e-05,0.00031295
1.575e-05,3.474e-05,0.00016323
1.52e-05,4.343e-05,0.00015451
1.464e-05,5.212e-05,0.00014579
1.409e-05,6.081e-05,0.00013707
2.139e-05,2.585e-05,0.00015402
5.636e-05,8.97e-06,6.832e-05
6.591e-05,3.6e-06,5.98e-05
6.077e-05,8.59e-06,2.351e-05
0.00022939,1.165e-05,3.202e-05
0.00039801,1.471e-05,4.053e-05
0.00056663,1.777e-05,4.903e-05
0.00015575,2.083e-05,4.007e-05
7.813e-05,8.36e-06,4.682e-05
0.00012915,5.99e-06,4.282e-05
4.981e-05,7.01e-06,3.897e-05
9.573e-05,7.24e-06,6.737e-05
0.00014164,7.48e-06,9.578e-05
0.00018756,7.71e-06,0.00012419
0.00011506,2.106e-05,6.443e-05
3.01e-05,1.485e-05,3.873e-05
0.00010816,1.082e-05,8.082e-05
9.072e-05,3.49e-06,7.247e-05
7.329e-05,4.28e-06,6.411e-05
5.586e-05,5.08e-06,5.576e-05
3.842e-05,5.87e-06,4.74e-05
2.384e-05,2.43e-06,5.098e-05
8.677e-05,3.34e-06,4.474e-05
0.00013223,1.01e-05,5.745e-05
0.00011896,9.99e-06,5.507e-05
0.00010569,9.89e-06,5.27e-05
9.242e-05,9.78e-06,5.033e-05
0.00011426,1.06e-05,6.445e-05
5.408e-05,1.507e-05,5.803e-05
2.748e-05,1.322e-05,3.017e-05
7.658e-05,5.04e-06,4.589e-05
6.569e-05,2.291e-05,4.911e-05
5.48e-05,4.077e-05,5.233e-05
4.391e-05,5.864e-05,5.555e-05
4.43e-05,3.558e-05,6.358e-05
4.469e-05,4.36e-06,7.16e-05
4.508e-05,4.13e-06,7.962e-05
4.547e-05,4.63e-06,8.765e-05
4.587e-05,4.06e-06,9.567e-05
4.626e-05,3.49e-06,0.00010369
4.665e-05,2.92e-06,0.00011171
4.704e-05,3.925e-05,0.00011974
4.696e-05,2.96e-06,2.433e-05
3.563e-05,1.83e-06,2.284e-05
4.127e-05,2.64e-06,2.712e-05
8.001e-05,2.18e-06,3.575e-05
0.00011874,1.72e-06,4.437e-05
0.00015748,1.27e-06,5.3e-05
6.368e-05,4.42e-06,1.993e-05
5.433e-05,3.249e-05,0.00016116
2.082e-05,2.042e-05,2.319e-05
2.949e-05,1.088e-05,3.5e-05
2.417e-05,1.014e-05,3.057e-05
1.885e-05,9.39e-06,2.613e-05
1.353e-05,8.64e-06,2.169e-05
2.631e-05,1.227e-05,1.861e-05
2.022e-05,3.25e-06,1.789e-05
0.00010282,3.76e-06,2.904e-05
2.26e-05,4.92e-06,1.762e-05
2.399e-05,5.61e-06,1.649e-05
2.538e-05,6.29e-06,1.536e-05
2.677e-05,6.98e-06,1.423e-05
0.00010298,8.32e-06,4.453e-05
2.614e-05,5.606e-05,2.487e-05
2.562e-05,0.00014103,0.00010444
5.512e-05,4.646e-05,4.407e-05
4.81e-05,7.3e-05,3.63e-05
4.108e-05,9.954e-05,2.854e-05
3.407e-05,0.00012608,2.077e-05
3.381e-05,8.102e-05,3.704e-05
1.518e-05,0.00011101,2.034e-05
1.728e-05,2.825e-05,1.423e-05
3.921e-05,1.255e-05,5.62e-05
4.192e-05,2.479e-05,4.901e-05
4.463e-05,3.703e-05,4.181e-05
4.734e-05,4.928e-05,3.462e-05
5.203e-05,2.73e-05,4.806e-05
7.163e-05,2.076e-05,4.412e-05
0.00018194,3.555e-05,2.626e-05
2.256e-05,0.00017515,1.443e-05
2.527e-05,0.00013097,1.604e-05
2.798e-05,8.679e-05,1.766e-05
3.069e-05,4.261e-05,1.928e-05
1.985e-05,3.963e-05,5.043e-05
2.176e-05,2.556e-05,3.859e-05
2.806e-05,1.935e-05,4.878e-05
3.139e-05,2.406e-05,2.582e-05
3.015e-05,3.915e-05,2.721e-05
2.891e-05,5.424e-05,2.861e-05
2.768e-05,6.933e-05,3e-05
4.646e-05,8.725e-05,2.697e-05
0.00010067,0.00013844,5.77e-05
8.453e-05,8.301e-05,0.00015973
4.716e-05,2.757e-05,3.223e-05
4.956e-05,3.642e-05,3.047e-05
5.196e-05,4.527e-05,2.87e-05
5.436e-05,5.412e-05,2.694e-05
4.252e-05,2.522e-05,3.91e-05
9.403e-05,8.73e-06,2.523e-05
3.327e-05,3.392e-05,3.707e-05
3.485e-05,9.84e-06,2.732e-05
7.771e-05,1.132e-05,2.502e-05
0.00012057,1.279e-05,2.272e-05
0.00016344,1.426e-05,2.042e-05
0.00014611,7.47e-06,3.734e-05
9.211e-05,1.879e-05,2.029e-05
5.41e-05,1.374e-05,2.609e-05
2.405e-05,4.654e-05,5.753e-05
2.566e-05,3.467e-05,4.546e-05
2.727e-05,2.28e-05,3.339e-05
2.888e-05,1.093e-05,2.132e-05
3.557e-05,7.121e-05,4.206e-05
1.066e-05,3.164e-05,3.017e-05
3.597e-05,3.615e-05,4.531e-05
2.711e-05,5.869e-05,5.53e-05
2.801e-05,5.387e-05,4.906e-05
2.89e-05,4.906e-05,4.281e-05
2.98e-05,4.424e-05,3.657e-05
4.349e-05,1.144e-05,1.689e-05
3.413e-05,1e-05,2.88e-05
2.056e-05,8.57e-06,5.777e-05
0.00010111,1.499e-05,5.077e-05
8.181e-05,1.368e-05,4.292e-05
6.252e-05,1.237e-05,3.507e-05
4.323e-05,1.106e-05,2.721e-05
4.069e-05,9.88e-06,3e-05
3.06e-05,1.079e-05,3.292e-05
2.051e-05,1.17e-05,3.583e-05
2.532e-05,5.49e-06,3.072e-05
4.476e-05,7.59e-06,2.71e-05
6.419e-05,9.7e-06,2.348e-05
8.363e-05,1.18e-05,1.985e-05
2.453e-05,1.624e-05,2.998e-05
1.985e-05,5.14e-06,1.795e-05
2.587e-05,5.92e-06,3.147e-05
9.61e-06,1.559e-05,3.964e-05
1.286e-05,1.44e-05,3.542e-05
1.611e-05,1.322e-05,3.12e-05
1.936e-05,1.203e-05,2.698e-05
6.139e-05,7.6e-06,3.927e-05
3.391e-05,1.896e-05,5.33e-05
5.829e-05,3.039e-05,0.00018208
0.00020934,3.434e-05,2.712e-05
0.00018643,3.029e-05,3.974e-05
0.00016353,2.624e-05,5.236e-05
0.00014063,2.219e-05,6.497e-05
5.961e-05,1.814e-05,2.971e-05
0.00033016,1.305e-05,3.995e-05
5.033e-05,2.76e-05,1.867e-05
4.92e-05,4.581e-05,2.216e-05
4.806e-05,5.554e-05,2.566e-05
4.692e-05,6.527e-05,2.915e-05
4.578e-05,7.5e-05,3.264e-05
4.464e-05,1.186e-05,3.613e-05
4.35e-05,1.44e-05,3.963e-05
4.236e-05,1.896e-05,4.312e-05
4.122e-05,7.65e-06,4.661e-05
4.008e-05,3.025e-05,5.01e-05
3.895e-05,5.285e-05,5.36e-05
3.781e-05,7.545e-05,5.709e-05
0.0001184,1.687e-05,2.113e-05
3.251e-05,4.918e-05,1.72e-05
8.016e-05,4.08e-05,4.714e-05
7.564e-05,5.192e-05,3.637e-05
8.045e-05,4.434e-05,5.334e-05
8.526e-05,3.676e-05,7.03e-05
9.007e-05,2.919e-05,8.727e-05
8.966e-05,5.588e-05,3.781e-05
4.495e-05,0.00014808,4.381e-05
5.85e-05,6.027e-05,4.001e-05
5.519e-05,6.485e-05,7.522e-05
5.941e-05,6.455e-05,7.821e-05
6.363e-05,6.425e-05,8.12e-05
6.785e-05,6.395e-05,8.419e-05
0.00011098,6.366e-05,3.09e-05
0.00016614,3.505e-05,3.783e-05
0.00028541,8.551e-05,5.535e-05
0.00104786,5.376e-05,7.136e-05
0.00075139,7.819e-05,5.774e-05
0.00045491,0.00010262,4.412e-05
0.00015843,0.00012706,3.05e-05
0.00014078,0.00013063,3.964e-05
0.00010772,0.00014862,4.174e-05
0.00013628,1.541e-05,3.873e-05
0.00010938,0.00017531,5.564e-05
0.00013566,0.00012659,4.805e-05
0.00016194,7.786e-05,4.047e-05
0.00018822,2.913e-05,3.289e-05
9.633e-05,3.274e-05,3.128e-05
0.00011943,1.183e-05,4.648e-05
8.043e-05,0.00010875,3.22e-05
0.00023878,2.542e-05,7.083e-05
0.00017907,3.449e-05,5.463e-05
0.00011936,4.356e-05,3.842e-05
5.965e-05,5.262e-05,2.221e-05
0.00010643,2.612e-05,5.144e-05
0.00046984,3.211e-05,1.985e-05
0.00022495,2.292e-05,3.912e-05
0.0003457,1.97e-05,4.254e-05
0.00030944,2.518e-05,4.831e-05
0.00027317,3.067e-05,5.409e-05
0.00023691,3.615e-05,5.986e-05
0.00014657,8.554e-05,3.779e-05
0.00039008,2.384e-05,9.413e-05
0.0002363,4.414e-05,9.008e-05
0.00013095,2.427e-05,4.334e-05
0.00016037,2.056e-05,4.655e-05
0.00018978,1.686e-05,4.976e-05
0.0002192,1.316e-05,5.297e-05
8.314e-05,4.93e-06,4.922e-05
9.109e-05,7.283e-05,4.231e-05
8.799e-05,4.208e-05,3.475e-05
0.00034777,0.00011384,7.169e-05
0.00026899,9.507e-05,6.149e-05
0.0001902,7.631e-05,5.129e-05
0.00011142,5.754e-05,4.109e-05
9.639e-05,5.807e-05,2.42e-05
5.59e-05,0.00012704,1.954e-05
0.00017141,2.253e-05,5.178e-05
0.00024795,4.862e-05,5.38e-05
0.00023993,4.176e-05,5.523e-05
0.00023191,3.49e-05,5.665e-05
0.00022389,2.804e-05,5.808e-05
0.00021587,2.602e-05,5.951e-05
0.00016465,1.875e-05,5.071e-05
0.00042484,1.526e-05,5.836e-05
0.00037635,1.388e-05,8.001e-05
0.00032743,1.25e-05,7.448e-05
0.00027852,1.112e-05,6.895e-05
0.00022961,9.74e-06,6.342e-05
8.891e-05,2.83e-05,5.553e-05
0.00016968,1.529e-05,4.505e-05
0.00017407,8.157e-05,6.44e-05
0.0001512,3.023e-05,3.475e-05
0.00013469,2.211e-05,3.15e-05
0.00011818,1.398e-05,2.824e-05
0.00010167,5.86e-06,2.499e-05
7.726e-05,9.29e-06,6.603e-05
0.00060927,2.63e-06,3.269e-05
0.0001287,2.256e-05,3.638e-05
0.0003005,9.93e-06,3.337e-05
0.00029253,9.23e-06,3.98e-05
0.00028455,8.53e-06,4.624e-05
0.00027657,7.83e-06,5.268e-05
3.958e-05,1.059e-05,0.00010685
3.581e-05,1.002e-05,0.00010701
5.314e-05,7.84e-06,4.169e-05
5.158e-05,1.294e-05,4.624e-05
5.002e-05,2.43e-05,5.078e-05
4.845e-05,3.567e-05,5.532e-05
4.689e-05,4.704e-05,5.986e-05
4.533e-05,1.315e-05,6.44e-05
4.377e-05,1.461e-05,6.895e-05
2.349e-05,1.208e-05,6.23e-05
1.953e-05,2.403e-05,3.563e-05
2.154e-05,1.943e-05,3.95e-05
2.354e-05,1.484e-05,4.336e-05
2.554e-05,1.024e-05,4.723e-05
5.428e-05,1.707e-05,5.448e-05
2.668e-05,4.28e-06,8.825e-05
4.892e-05,6.453e-05,9.789e-05
1.952e-05,4.071e-05,6.465e-05
2.634e-05,5.345e-05,0.00010448
3.316e-05,6.618e-05,0.0001443
3.999e-05,7.891e-05,0.00018413
4.947e-05,0.00022442,0.00017459
6.936e-05,0.00026899,9.532e-05
0.00015551,0.00054767,0.00019954
5.826e-05,0.00059004,0.00015358
0.00011651,0.00040316,0.00017863
0.00017477,0.00021628,0.00020369
9.946e-05,2.94e-05,9.904e-05
0.00010412,1.127e-05,0.00011927
3.513e-05,2.291e-05,0.00010634
0.00033062,1.602e-05,0.00025261
0.00066124,1.805e-05,0.00017196
0.00099186,2.008e-05,9.131e-05
0.00056321,0.00086201,0.00014204
0.00211223,0.00039484,0.00054928
0.0010665,0.00300625,0.00024547
0.00065901,0.00136793,0.00052224
0.00057516,0.00175598,0.00040765
0.00049131,0.00214402,0.00029306
0.00040746,0.00253207,0.00017847
0.00226933,0.00167551,0.000403
0.00030784,0.00127951,9.312e-05
0.00059609,0.00167367,0.00015769
0.0015647,0.00042486,0.00013975
0.00122107,0.00075727,0.00014351
0.00087745,0.00108968,0.00014726
0.00053383,0.00142209,0.00015102
0.00013641,0.00150842,8.499e-05
0.00018195,0.00078104,7.143e-05
0.00044099,0.00131778,7.465e-05
0.00016953,0.000761,7.59e-05
0.00035605,0.00063501,7.739e-05
0.00054257,0.00050903,7.888e-05
0.00072909,0.00038304,8.037e-05
0.00056769,0.00132994,5.344e-05
8.396e-05,0.00024445,9.921e-05
7.469e-05,0.00023718,9.727e-05
6.542e-05,0.00016398,9.533e-05
5.615e-05,0.00019485,9.339e-05
4.688e-05,0.00022573,9.145e-05
3.761e-05,0.0002566,8.951e-05
0.00035678,0.00040851,6.446e-05
0.00019465,0.00026326,7.562e-05
0.00014712,0.00024405,6.068e-05
0.00024118,0.00022484,4.921e-05
0.00033525,0.00020563,3.773e-05
0.00042931,0.00018642,2.625e-05
0.00036847,0.00010409,2.879e-05
0.00028316,0.000139,2.458e-05
0.00086793,0.00018019,2.463e-05
0.00134435,0.00010109,3.586e-05
0.00122443,0.00027009,4.2e-05
0.00110451,0.00043909,4.814e-05
0.00098458,0.00060809,5.428e-05
0.00035421,9.229e-05,2.182e-05
0.00063989,0.00018239,3.869e-05
0.00316904,0.00028895,2.787e-05
0.00245812,0.00021287,3.045e-05
0.0017472,0.00013679,3.302e-05
0.00103628,6.071e-05,3.559e-05
0.00072773,4.664e-05,5.04e-05
0.00138036,0.00013462,0.00019681
0.00117039,5.772e-05,3.83e-05
0.00129355,0.00017704,7.081e-05
0.00104391,0.00015568,6.047e-05
0.00079426,0.00013431,5.013e-05
0.00054461,0.00011294,3.978e-05
7.127e-05,0.00012749,4.216e-05
0.0002206,0.00040838,3.591e-05
0.00010212,0.00016325,2.315e-05
6.474e-05,0.00026579,3.366e-05
0.00012237,0.00020491,3.586e-05
0.00018001,0.00014403,3.806e-05
0.00023765,8.316e-05,4.026e-05
0.00011818,4.581e-05,1.929e-05
0.0002807,6.736e-05,2.305e-05
0.00020435,0.00023922,2.579e-05
8.294e-05,0.00020553,3.666e-05
0.00024678,0.00018271,2.924e-05
0.00041063,0.00015988,2.181e-05
0.00057447,0.00013706,1.439e-05
7.85e-05,3.09e-05,2.204e-05
6.788e-05,5.072e-05,2.708e-05
0.00046145,4.468e-05,7.476e-05
0.00029357,8.455e-05,3.792e-05
0.00021472,6.816e-05,3.087e-05
0.00013587,5.177e-05,2.383e-05
5.702e-05,3.538e-05,1.678e-05
6.462e-05,2.514e-05,2.359e-05
5.662e-05,0.00010613,6.151e-05
2.537e-05,4.625e-05,3.421e-05
0.00041061,0.00021974,4.671e-05
0.00032626,0.00017253,3.931e-05
0.0002419,0.00012532,3.192e-05
0.00015754,7.811e-05,2.452e-05
0.00023847,3.629e-05,1.941e-05
4.544e-05,0.00010213,2.271e-05
6.533e-05,5.213e-05,1.535e-05
0.00012831,2.741e-05,3.981e-05
0.00014357,2.753e-05,4.086e-05
0.00015882,2.765e-05,4.192e-05
0.00017408,2.777e-05,4.297e-05
0.00015546,0.00018828,4.09e-05
0.00014182,0.00016216,1.754e-05
9.715e-05,0.00023742,1.972e-05
6.055e-05,0.00023841,2.703e-05
6.185e-05,0.0002634,2.815e-05
6.316e-05,0.00028839,2.927e-05
6.446e-05,0.00031338,3.039e-05
2.392e-05,0.00033837,2.762e-05
9.493e-05,8.846e-05,2.39e-05
7.632e-05,5.805e-05,2.652e-05
3.347e-05,0.0001278,1.366e-05
5.684e-05,9.595e-05,2.297e-05
8.021e-05,6.41e-05,3.228e-05
0.00010358,3.225e-05,4.159e-05
0.00010852,4.843e-05,2.981e-05
4.238e-05,4.33e-05,2.059e-05
0.00038759,0.00013994,1.663e-05
8.567e-05,9.866e-05,2.532e-05
0.00010358,0.00010932,2.276e-05
0.0001215,0.00011998,2.021e-05
0.00013941,0.00013064,1.765e-05
0.00013242,8.199e-05,2.081e-05
4.216e-05,1.334e-05,4.808e-05
8.902e-05,4.057e-05,0.00013601
2.668e-05,4.016e-05,0.00014492
4.232e-05,4.361e-05,0.00017139
5.796e-05,4.705e-05,0.00019786
7.361e-05,5.05e-05,0.00022432
3.479e-05,2.694e-05,0.00025355
0.00014582,4.621e-05,0.00054511
0.00013724,7.109e-05,0.00053654
0.00012865,7.312e-05,0.00052797
0.00012007,6.599e-05,0.0005194
0.00011148,5.885e-05,0.00051083
0.0001029,5.172e-05,0.00050226
9.432e-05,0.00015449,0.00049369
8.573e-05,8.694e-05,0.00048513
7.715e-05,3.725e-05,0.00047656
6.856e-05,2.501e-05,0.00046799
7.919e-05,3.206e-05,0.0003295
8.981e-05,3.912e-05,0.00019101
0.00010044,4.617e-05,5.252e-05
4.463e-05,1.557e-05,0.00016979
8.518e-05,3.602e-05,0.00012055
6.608e-05,2.664e-05,0.00013509
5.146e-05,5.689e-05,0.00023447
6.311e-05,5.617e-05,0.00028583
7.475e-05,5.544e-05,0.00033719
8.639e-05,5.471e-05,0.00038855
6.465e-05,1.774e-05,0.0001876
5.959e-05,3.231e-05,6.547e-05
6.93e-05,1.859e-05,9.62e-05
3.731e-05,5.531e-05,8.94e-05
3.189e-05,5.906e-05,9.034e-05
2.647e-05,6.28e-05,9.129e-05
2.105e-05,6.654e-05,9.223e-05
8.417e-05,2.537e-05,0.0001569
4.23e-05,2.673e-05,0.00023518
5.231e-05,5.477e-05,0.00042854
0.00017536,0.00010761,0.00019972
0.00012183,8.35e-05,0.00020088
6.83e-05,5.939e-05,0.00020204
1.477e-05,3.528e-05,0.00020319
5.421e-05,2.983e-05,0.00014747
4.746e-05,1.284e-05,0.00014211
0.00012671,2.599e-05,0.00019435
1.634e-05,1.746e-05,8.11e-05
2.153e-05,1.358e-05,8.328e-05
2.672e-05,9.7e-06,8.546e-05
3.19e-05,5.82e-06,8.763e-05
2.808e-05,2.085e-05,7.727e-05
0.00016796,1.45e-05,5.924e-05
4.07e-05,1.961e-05,0.0001157
1.969e-05,2.18e-05,9.847e-05
2.172e-05,1.816e-05,8.544e-05
2.374e-05,1.453e-05,7.242e-05
2.577e-05,1.089e-05,5.94e-05
3.593e-05,1.523e-05,6.297e-05
5.095e-05,1.843e-05,4.66e-05
2.328e-05,5.056e-05,8.224e-05
1.024e-05,1.741e-05,4.368e-05
1.687e-05,1.747e-05,5.469e-05
2.35e-05,1.753e-05,6.571e-05
3.012e-05,1.759e-05,7.672e-05
6.786e-05,2.142e-05,9.09e-05
6.547e-05,1.866e-05,6.075e-05
5.967e-05,1.369e-05,0.00011468
2.984e-05,8.72e-06,0.00011051
0.00014301,1.213e-05,0.00013267
0.00025618,1.555e-05,0.00015483
0.00036935,1.896e-05,0.00017699
4.685e-05,3.745e-05,0.00018673
3.451e-05,1.633e-05,5.393e-05
9.227e-05,0.00018567,0.0001227
0.00017424,0.00014428,7.458e-05
0.00013719,0.00011262,6.055e-05
0.00010013,8.095e-05,4.652e-05
6.307e-05,4.928e-05,3.249e-05
6.605e-05,2.461e-05,3.569e-05
0.00020327,5.36e-05,2.899e-05
0.00012275,0.0001148,5.749e-05
8.624e-05,0.00010074,9.409e-05
6.281e-05,7.816e-05,8.177e-05
3.939e-05,5.557e-05,6.945e-05
1.596e-05,3.299e-05,5.713e-05
0.00011127,0.00017958,4.778e-05
0.00023487,6.484e-05,7.496e-05
0.00010833,7.029e-05,4.285e-05
0.00026697,0.00016844,6.308e-05
0.00021381,0.00013607,6.612e-05
0.00016064,0.00010369,6.915e-05
0.00010747,7.132e-05,7.219e-05
0.0001129,4.166e-05,4.78e-05
8.064e-05,4.557e-05,3.234e-05
3.94e-05,0.0002408,7.622e-05
0.0001513,0.00019871,6.512e-05
0.00011807,0.00015662,6.541e-05
8.484e-05,0.00011454,6.569e-05
5.161e-05,7.245e-05,6.598e-05
0.00014024,0.00034575,8.61e-05
5.975e-05,0.00014855,0.00011802
0.00011478,5.562e-05,0.00013727
0.00022957,4.521e-05,0.00013168
0.00034435,3.479e-05,0.0001261
0.00045913,2.438e-05,0.00012051
0.00024308,4.595e-05,6.615e-05
0.00027124,2.401e-05,0.00014713
0.0001307,1.156e-05,0.00011513
0.00034616,5.476e-05,0.0001467
0.00026825,4.477e-05,0.00012314
0.00019034,3.479e-05,9.959e-05
0.00011244,2.48e-05,7.603e-05
0.00013195,1.467e-05,7.571e-05
0.00012065,1.339e-05,4.725e-05
7.454e-05,1.353e-05,4.987e-05
0.00011031,0.00010333,5.671e-05
0.00011579,8.224e-05,6.441e-05
0.00012126,6.114e-05,7.212e-05
0.00012674,4.005e-05,7.983e-05
8.526e-05,1.895e-05,7.613e-05
4.959e-05,0.00013605,5.653e-05
7.141e-05,9.121e-05,8.069e-05
9.222e-05,0.00016752,0.00011643
0.00017875,0.00015177,9.897e-05
0.00026528,0.00013601,8.151e-05
0.0003518,0.00012026,6.405e-05
0.00010661,5.36e-05,5.503e-05
0.00013565,8.872e-05,8.314e-05
0.00017573,2.387e-05,0.00010827
0.00033998,4.965e-05,0.00012051
0.00025095,6.118e-05,9.355e-05
0.00016193,7.272e-05,6.659e-05
7.291e-05,8.425e-05,3.963e-05
5.676e-05,2.955e-05,7.862e-05
0.00026709,5.829e-05,6.232e-05
0.00013204,4.055e-05,5.408e-05
8.734e-05,1.285e-05,3.468e-05
8.109e-05,1.138e-05,3.855e-05
7.484e-05,9.91e-06,4.242e-05
6.859e-05,8.44e-06,4.628e-05
8.902e-05,1.696e-05,3.993e-05
4.997e-05,1.24e-05,1.992e-05
5.089e-05,9.65e-06,2.18e-05
5.182e-05,8.05e-06,2.368e-05
5.274e-05,1.312e-05,2.556e-05
5.366e-05,1.819e-05,2.743e-05
5.459e-05,2.326e-05,2.931e-05
5.551e-05,2.832e-05,3.119e-05
5.643e-05,1.653e-05,3.307e-05
5.736e-05,2.22e-05,3.495e-05
0.00016889,1.64e-05,4.178e-05
0.00012916,1.57e-05,3.615e-05
8.944e-05,1.5e-05,3.051e-05
4.971e-05,1.43e-05,2.487e-05
9.854e-05,1.33e-05,3.806e-05
7.989e-05,8.382e-05,3.954e-05
0.00015256,3.469e-05,4.845e-05
8.646e-05,0.00011186,2.885e-05
9.39e-05,8.22e-05,4.123e-05
0.00010134,5.253e-05,5.36e-05
0.00010879,2.286e-05,6.598e-05
7.564e-05,2.75e-05,2.953e-05
3.979e-05,1.614e-05,5.903e-05
7.363e-05,2.264e-05,3.383e-05
5.735e-05,9.38e-06,2.278e-05
6.053e-05,1.092e-05,2.309e-05
6.371e-05,1.246e-05,2.34e-05
6.689e-05,1.4e-05,2.37e-05
3.977e-05,1.579e-05,3.486e-05
7.727e-05,1.346e-05,2.322e-05
0.00014042,1.432e-05,1.619e-05
9.996e-05,2.328e-05,3.501e-05
0.00010248,1.915e-05,5.429e-05
0.00010499,1.503e-05,7.357e-05
0.0001075,1.09e-05,9.285e-05
5.215e-05,9.36e-06,1.207e-05
5.909e-05,2.431e-05,2.032e-05
4.946e-05,5.798e-05,2.217e-05
3.1e-05,2.965e-05,1.241e-05
4.496e-05,4.225e-05,1.364e-05
5.892e-05,5.484e-05,1.487e-05
7.288e-05,6.744e-05,1.61e-05
0.00028935,2.801e-05,3.625e-05
9.255e-05,1.409e-05,4.848e-05
0.00045734,0.00010036,2.17e-05
8.587e-05,1.435e-05,2.061e-05
0.00010981,1.543e-05,2.236e-05
0.00013375,1.651e-05,2.411e-05
0.00015769,1.758e-05,2.587e-05
5.085e-05,1.376e-05,1.98e-05
4.084e-05,2.762e-05,3.023e-05
0.000284,9.022e-05,1.249e-05
6.609e-05,7.665e-05,1.308e-05
6.592e-05,6.308e-05,1.659e-05
6.575e-05,4.952e-05,2.011e-05
6.558e-05,3.595e-05,2.363e-05
6.541e-05,2.492e-05,2.714e-05
7.058e-05,4.293e-05,1.738e-05
7.757e-05,9.995e-05,1.761e-05
3.892e-05,5.859e-05,2.035e-05
4.27e-05,7.74e-05,2.24e-05
4.648e-05,9.622e-05,2.445e-05
5.026e-05,0.00011503,2.65e-05
0.00017061,0.00019397,2.147e-05
9.376e-05,6.786e-05,6.045e-05
5.014e-05,3.912e-05,2.719e-05
5.704e-05,2.077e-05,1.7e-05
4.869e-05,1.796e-05,1.852e-05
4.034e-05,1.515e-05,2.004e-05
3.2e-05,1.234e-05,2.156e-05
2.455e-05,1.07e-05,3.326e-05
7.619e-05,2.004e-05,3.286e-05
7.023e-05,1.748e-05,2.101e-05
4.808e-05,0.00013328,1.95e-05
0.0001348,9.116e-05,1.969e-05
0.00022152,4.904e-05,1.987e-05
0.00030824,6.92e-06,2.005e-05
4.917e-05,1.65e-05,2.012e-05
9.293e-05,8.912e-05,1.747e-05
0.00010134,2.112e-05,2.645e-05
7.731e-05,1.937e-05,4.661e-05
7.541e-05,2.066e-05,4.224e-05
7.351e-05,2.194e-05,3.786e-05
7.161e-05,2.323e-05,3.349e-05
6.97e-05,4.688e-05,2.911e-05
6.78e-05,5.131e-05,2.474e-05
6.59e-05,2.734e-05,2.036e-05
5.847e-05,1.349e-05,2.91e-05
6.669e-05,2.107e-05,5.392e-05
7.491e-05,2.865e-05,7.875e-05
8.313e-05,3.623e-05,0.00010357
8.127e-05,4.543e-05,5.766e-05
6.314e-05,3.148e-05,0.00011268
0.00014717,2.106e-05,0.00010827
7.346e-05,2.518e-05,3.017e-05
0.00012028,2.262e-05,6.527e-05
0.0001671,2.005e-05,0.00010036
0.00021392,1.749e-05,0.00013546
0.00034186,0.00017655,0.00010088
0.00012182,5.234e-05,0.00026988
0.00013567,0.00012721,0.00010383
0.00052118,0.00021577,0.00014934
0.00036839,0.00015108,0.00011656
0.00021561,8.639e-05,8.378e-05
6.283e-05,2.17e-05,5.1e-05
0.00015436,8.51e-06,0.00013231
9.967e-05,1.453e-05,6.267e-05
7.901e-05,1.125e-05,8.085e-05
0.00011595,9.71e-06,4.597e-05
0.00014956,1.587e-05,5.667e-05
0.00018317,2.202e-05,6.738e-05
0.00021678,2.817e-05,7.808e-05
0.00031288,3.432e-05,0.00012121
0.00012832,6.498e-05,0.00010787
6.816e-05,2.542e-05,9.101e-05
0.00012125,2.511e-05,0.00011083
9.323e-05,2.157e-05,0.00010584
6.521e-05,1.802e-05,0.00010086
3.718e-05,1.448e-05,9.587e-05
0.00012093,1.716e-05,9.302e-05
0.00014243,6.418e-05,5.422e-05
0.00034603,4.109e-05,8.69e-05
0.00046453,7.027e-05,8.024e-05
0.0003834,6.973e-05,7.935e-05
0.00030226,6.92e-05,7.846e-05
0.00022112,6.866e-05,7.757e-05
0.00013999,1.284e-05,7.668e-05
7.934e-05,2.837e-05,9.528e-05
0.00011852,6.113e-05,9.114e-05
0.00016169,9.585e-05,8.011e-05
0.00015518,7.97e-05,6.904e-05
0.00014868,6.354e-05,5.798e-05
0.00014217,4.739e-05,4.692e-05
0.00020199,4.834e-05,7.727e-05
9.692e-05,0.00011703,6.002e-05
9.696e-05,2.734e-05,4.852e-05
7.56e-05,1.1e-05,2.927e-05
0.00010153,0.00010437,5.899e-05
0.00012747,0.00019774,8.871e-05
0.0001534,0.00029111,0.00011842
0.00017105,0.00022668,0.00017133
8.952e-05,0.00017158,0.00016037
0.00015544,2.85e-05,0.00037533
9.421e-05,7.17e-06,3.834e-05
0.00012807,8.07e-06,4.458e-05
0.00016194,8.96e-06,5.082e-05
0.0001958,9.86e-06,5.705e-05
5.07e-05,1.075e-05,4.331e-05
4.888e-05,5.25e-06,3.227e-05
4.923e-05,2.227e-05,4.168e-05
0.00010332,8.38e-06,4.453e-05
8.639e-05,8.86e-06,4.856e-05
6.946e-05,9.35e-06,5.259e-05
5.253e-05,9.84e-06,5.662e-05
8.648e-05,4.004e-05,3.342e-05
5.857e-05,2.042e-05,4.245e-05
5.096e-05,1.614e-05,3.013e-05
9.713e-05,7.335e-05,2.444e-05
8.73e-05,5.341e-05,3.002e-05
7.746e-05,3.347e-05,3.56e-05
6.762e-05,1.353e-05,4.119e-05
9.729e-05,5.12e-06,6.128e-05
6.819e-05,1.563e-05,5.883e-05
5.78e-05,1.386e-05,3.76e-05
3.398e-05,2.396e-05,3.839e-05
6.361e-05,2.255e-05,4.021e-05
9.324e-05,2.114e-05,4.203e-05
0.00012288,1.973e-05,4.386e-05
0.00010404,1.418e-05,4.346e-05
6.558e-05,9e-06,2.8e-05
7.32e-05,9.75e-06,3.551e-05
5.564e-05,6.61e-06,2.765e-05
7.537e-05,6.28e-06,3.947e-05
9.511e-05,5.94e-06,5.129e-05
0.00011484,5.61e-06,6.311e-05
5.004e-05,2.318e-05,6.625e-05
0.00011786,9.086e-05,5.913e-05
0.00011103,7.172e-05,6.588e-05
0.00012907,8.2e-05,5.535e-05
0.00011511,5.843e-05,5.255e-05
0.00010115,3.485e-05,4.976e-05
8.719e-05,1.128e-05,4.696e-05
7.714e-05,4.066e-05,3.336e-05
8.342e-05,2.11e-05,2.497e-05
8.917e-05,0.00010809,5.471e-05
7.97e-05,1.966e-05,4.112e-05
7.779e-05,2.162e-05,4.188e-05
7.587e-05,2.357e-05,4.264e-05
7.396e-05,2.552e-05,4.34e-05
3.821e-05,7.82e-06,4.691e-05
3.639e-05,1.591e-05,3.811e-05
7.154e-05,9.82e-06,3.569e-05
0.00011663,1.004e-05,5.409e-05
8.986e-05,8.23e-06,4.747e-05
6.309e-05,6.41e-06,4.084e-05
3.632e-05,4.59e-06,3.421e-05
5.599e-05,1.489e-05,6.2e-05
6.729e-05,5.199e-05,5.838e-05
0.00011285,2.006e-05,5.596e-05
3.143e-05,3.7e-05,5.603e-05
4.61e-05,3.055e-05,4.706e-05
6.077e-05,2.411e-05,3.81e-05
7.544e-05,1.766e-05,2.913e-05
0.00013191,1.836e-05,5.575e-05
0.00012567,1.655e-05,6.181e-05
8.61e-05,3.97e-06,4.203e-05
5.449e-05,4.75e-06,5.501e-05
5.138e-05,5.42e-06,5.297e-05
4.827e-05,6.09e-06,5.093e-05
4.517e-05,6.76e-06,4.889e-05
0.00010951,7.42e-06,4.302e-05
3.953e-05,6.049e-05,2.772e-05
5.362e-05,3.765e-05,3.713e-05
5.817e-05,3.917e-05,3.943e-05
5.295e-05,2.945e-05,3.837e-05
4.774e-05,1.973e-05,3.732e-05
4.252e-05,1.001e-05,3.626e-05
7.732e-05,2.382e-05,2.339e-05
5.027e-05,7.93e-06,2.604e-05
7.039e-05,8.47e-06,4.673e-05
2.459e-05,6.86e-06,2.842e-05
2.826e-05,5.93e-06,4.265e-05
3.192e-05,5.01e-06,5.688e-05
3.559e-05,4.08e-06,7.111e-05
3.926e-05,7.62e-06,8.535e-05
4.292e-05,3.47e-06,9.958e-05
8.556e-05,2.865e-05,3.896e-05
7.501e-05,3.96e-06,9.108e-05
6.503e-05,4.17e-06,7.214e-05
5.504e-05,4.38e-06,5.319e-05
4.505e-05,4.58e-06,3.424e-05
4.811e-05,4.6e-06,6.525e-05
8.554e-05,1.882e-05,7.064e-05
3.32e-05,6.96e-06,3.887e-05
3.342e-05,5.57e-06,3.996e-05
3.365e-05,5.15e-06,4.106e-05
3.387e-05,4.73e-06,4.215e-05
3.41e-05,4.31e-06,4.325e-05
3.432e-05,1.042e-05,4.435e-05
3.455e-05,1.511e-05,4.544e-05
3.477e-05,2.027e-05,4.654e-05
3.5e-05,2.324e-05,4.763e-05
4.5e-05,3.94e-05,5.206e-05
5.499e-05,5.555e-05,5.649e-05
6.499e-05,7.171e-05,6.092e-05
0.00012264,2.63e-06,3.347e-05
0.00010029,3.616e-05,6.582e-05
3.405e-05,9.07e-06,3.859e-05
9.82e-05,1.573e-05,2.552e-05
0.00011719,1.261e-05,2.988e-05
0.00013618,9.49e-06,3.425e-05
0.00015517,6.36e-06,3.861e-05
4.366e-05,7.72e-06,2.266e-05
6.544e-05,2.616e-05,4.531e-05
7.853e-05,2.348e-05,0.00018015
7.517e-05,8.27e-06,0.00013247
7.164e-05,1.067e-05,0.00020525
6.811e-05,1.306e-05,0.00027803
6.457e-05,1.546e-05,0.00035081
3.111e-05,2.209e-05,4.517e-05
8.937e-05,1.98e-05,8.062e-05
2.761e-05,4.973e-05,3.538e-05
3.284e-05,5.62e-06,5.812e-05
5.453e-05,6.07e-06,5.046e-05
7.623e-05,6.51e-06,4.28e-05
9.792e-05,6.96e-06,3.515e-05
6.541e-05,5.94e-06,3.792e-05
3.798e-05,4.21e-06,4.981e-05
9.005e-05,3.52e-06,5.177e-05
5.618e-05,1.342e-05,4.584e-05
5.396e-05,1.961e-05,4.559e-05
5.174e-05,2.58e-05,4.533e-05
4.953e-05,3.199e-05,4.508e-05
8.923e-05,2.86e-05,4.958e-05
3.419e-05,8.076e-05,4.567e-05
6.411e-05,1.217e-05,0.00011028
6.06e-05,2.263e-05,6.558e-05
6.005e-05,1.798e-05,6.306e-05
5.95e-05,1.333e-05,6.054e-05
5.896e-05,8.67e-06,5.801e-05
9.388e-05,4.25e-06,0.00013751
6.367e-05,2.53e-06,0.00011777
0.0001275,1.664e-05,4.885e-05
0.00010479,1.039e-05,3.357e-05
8.784e-05,1.817e-05,3.235e-05
7.089e-05,2.595e-05,3.113e-05
5.395e-05,3.373e-05,2.991e-05
3.845e-05,4.72e-06,3.383e-05
9.871e-05,6.98e-06,5.438e-05
5.173e-05,8.77e-06,5.113e-05
6.28e-05,1.056e-05,7.965e-05
4.838e-05,8.38e-06,7.345e-05
3.395e-05,6.19e-06,6.726e-05
1.952e-05,4e-06,6.106e-05
3.887e-05,7.16e-06,4.191e-05
6.536e-05,1.016e-05,6.614e-05
5.188e-05,5.82e-06,3.379e-05
0.0001241,2.031e-05,7.635e-05
0.00011192,2.675e-05,0.00012101
9.974e-05,3.32e-05,0.00016568
8.756e-05,3.964e-05,0.00021034
6.183e-05,2.6e-05,0.0001159
4.093e-05,2.584e-05,4.808e-05
4.934e-05,3.228e-05,0.00012676
5.117e-05,3.234e-05,4.845e-05
8.735e-05,2.358e-05,6.244e-05
0.00012353,1.482e-05,7.643e-05
0.00015972,6.06e-06,9.042e-05
6.179e-05,6.214e-05,0.00011375
4.534e-05,6.961e-05,2.088e-05
7.032e-05,4.129e-05,5.887e-05
6.001e-05,2.322e-05,4.278e-05
6.741e-05,2.374e-05,4.673e-05
7.481e-05,2.425e-05,5.068e-05
8.221e-05,2.476e-05,5.462e-05
6.053e-05,1.814e-05,0.0002076
7.598e-05,7.272e-05,4.847e-05
8.866e-05,5.588e-05,0.00010502
2.976e-05,4.43e-05,9.36e-05
4.342e-05,3.272e-05,7.279e-05
5.707e-05,2.114e-05,5.198e-05
7.072e-05,9.57e-06,3.117e-05
4.841e-05,8.338e-05,4.865e-05
6.044e-05,9.08e-06,3.379e-05
5.528e-05,2.601e-05,4.396e-05
4.301e-05,2.038e-05,2.834e-05
4.227e-05,3.66e-05,3.241e-05
4.153e-05,5.281e-05,3.647e-05
4.078e-05,6.903e-05,4.054e-05
4.004e-05,6.972e-05,4.461e-05
6.171e-05,3.662e-05,3.334e-05
3.55e-05,5.785e-05,1.443e-05
3.222e-05,7.228e-05,2.797e-05
2.934e-05,7.181e-05,3.387e-05
2.646e-05,7.134e-05,3.977e-05
2.358e-05,7.087e-05,4.568e-05
4.831e-05,5.456e-05,1.386e-05
4.144e-05,5.837e-05,3.815e-05
0.00010486,0.00018603,2.538e-05
6.581e-05,0.0004751,5.012e-05
8.102e-05,0.00041847,5.349e-05
9.623e-05,0.00036183,5.687e-05
0.00011145,0.0003052,6.024e-05
2.865e-05,0.00024857,3.382e-05
5.842e-05,0.00033353,8.291e-05
3.275e-05,0.000288,6.953e-05
5.032e-05,0.00024858,0.0001031
8.161e-05,0.00018279,0.00012513
0.0001129,0.000117,0.00014717
0.00014418,5.12e-05,0.0001692
6.19e-05,7.174e-05,2.838e-05
4.706e-05,2.567e-05,5.228e-05
3.198e-05,3.606e-05,4.295e-05
3.857e-05,7.258e-05,3.549e-05
4.352e-05,6.282e-05,3.738e-05
4.846e-05,5.305e-05,3.926e-05
5.341e-05,4.329e-05,4.115e-05
5.835e-05,0.00013091,4.304e-05
6.33e-05,0.00015754,4.492e-05
6.825e-05,6.78e-05,4.681e-05
7.319e-05,0.00063149,4.87e-05
7.814e-05,0.00051895,5.058e-05
8.309e-05,0.00040642,5.247e-05
8.803e-05,0.00029388,5.436e-05
8.7e-05,9.979e-05,6.962e-05
8.492e-05,0.00017128,0.00013819
3.464e-05,0.00013357,4.871e-05
3.392e-05,0.00010193,4.777e-05
4.961e-05,0.00013734,4.247e-05
6.53e-05,0.00017274,3.717e-05
8.098e-05,0.00020814,3.188e-05
5.475e-05,0.00017229,4.786e-05
5.345e-05,5.728e-05,5.06e-05
0.0001153,6.018e-05,0.0001213
3.921e-05,0.00014273,4.464e-05
6.325e-05,0.00013046,9.363e-05
8.73e-05,0.00011818,0.00014262
0.00011135,0.0001059,0.00019161
7.106e-05,9.363e-05,0.00024333
8.968e-05,0.00011571,6.392e-05
2.956e-05,8.245e-05,6.727e-05
4.044e-05,7.545e-05,0.00010239
6.15e-05,8.431e-05,0.00011728
8.256e-05,9.317e-05,0.00013216
0.00010362,0.00010204,0.00014704
6.553e-05,0.00013285,0.00010256
3.196e-05,6.561e-05,5.619e-05
8.974e-05,8.252e-05,0.00010384
9.499e-05,8.185e-05,8.203e-05
9.468e-05,8.4e-05,7.589e-05
9.437e-05,8.614e-05,6.975e-05
9.406e-05,8.828e-05,6.361e-05
4.677e-05,5.871e-05,3.871e-05
4.766e-05,0.0001973,4.643e-05
9.405e-05,4.587e-05,5.765e-05
3.339e-05,4.989e-05,9.631e-05
4.143e-05,4.983e-05,7.739e-05
4.946e-05,4.978e-05,5.847e-05
5.749e-05,4.972e-05,3.955e-05
0.00011305,0.00030146,0.00010361
5.501e-05,2.541e-05,9.207e-05
7.969e-05,2.607e-05,5.232e-05
5.128e-05,6.767e-05,4.136e-05
6.795e-05,4.677e-05,5.462e-05
8.462e-05,2.588e-05,6.788e-05
0.0001013,4.98e-06,8.114e-05
0.00018907,3.722e-05,4.088e-05
2.721e-05,4.938e-05,5.431e-05
0.00013038,0.00010059,3.213e-05
0.00014511,0.00011156,7.44e-05
0.00010497,0.0001455,7.494e-05
6.483e-05,0.00017944,7.548e-05
2.469e-05,0.00021338,7.602e-05
2.213e-05,6.332e-05,4.493e-05
4.761e-05,0.00011454,3.728e-05
0.00010935,7.885e-05,4.541e-05
0.0001395,7.589e-05,1.762e-05
0.00013082,6.055e-05,1.862e-05
0.00012214,4.522e-05,1.962e-05
0.00011346,2.989e-05,2.062e-05
0.00010478,0.00022143,2.162e-05
9.61e-05,0.00015976,2.263e-05
4.702e-05,8.594e-05,4.117e-05
7.159e-05,6.862e-05,2.702e-05
8.312e-05,6.241e-05,2.595e-05
9.465e-05,5.62e-05,2.488e-05
0.00010618,4.999e-05,2.381e-05
7.31e-05,4.522e-05,5.106e-05
7.724e-05,7.569e-05,2.593e-05
0.00012328,3.574e-05,3.688e-05
6.209e-05,4.506e-05,3.65e-05
5.329e-05,5.438e-05,3.372e-05
4.449e-05,6.37e-05,3.093e-05
3.569e-05,7.302e-05,2.814e-05
7.319e-05,9.273e-05,4.733e-05
4.401e-05,5.5e-05,1.954e-05
3.485e-05,7.282e-05,1.38e-05
5.082e-05,3.054e-05,1.97e-05
4.254e-05,4.177e-05,1.957e-05
3.426e-05,5.301e-05,1.945e-05
2.598e-05,6.424e-05,1.933e-05
6.491e-05,4.853e-05,1.298e-05
0.00018779,6.405e-05,3.462e-05
0.00018767,0.00012048,4.002e-05
0.00010813,7.708e-05,6.194e-05
0.00012292,7.361e-05,5.813e-05
0.00013771,7.014e-05,5.432e-05
0.0001525,6.667e-05,5.052e-05
0.00016729,0.00010558,4.671e-05
0.00018208,0.00011223,4.29e-05
0.00019687,0.0001393,3.909e-05
0.00012927,0.00013065,3.629e-05
9.818e-05,0.00010268,4.331e-05
6.708e-05,7.471e-05,5.034e-05
3.598e-05,4.673e-05,5.737e-05
6.677e-05,5.441e-05,7.656e-05
4.299e-05,4.477e-05,7.123e-05
2.249e-05,0.00011539,3.439e-05
4.292e-05,7.799e-05,2.34e-05
4.959e-05,0.00010292,2.984e-05
5.626e-05,0.00012785,3.629e-05
6.293e-05,0.00015278,4.274e-05
4.779e-05,0.00012036,3.96e-05
7.608e-05,0.00037004,2.684e-05
7.13e-05,0.00014704,4.625e-05
3.614e-05,0.00013001,1.652e-05
0.00029042,0.00010809,5.589e-05
0.0005447,8.618e-05,9.527e-05
0.00079899,6.427e-05,0.00013465
0.0001262,0.00012161,4.16e-05
4.631e-05,5.635e-05,6.47e-05
8.711e-05,3.427e-05,4.507e-05
3.425e-05,1.916e-05,6.726e-05
2.966e-05,4.752e-05,5.867e-05
2.506e-05,7.588e-05,5.008e-05
2.046e-05,0.00010423,4.149e-05
5.22e-05,0.00013259,1.908e-05
2.04e-07,8.717e-05,0.00011245
0.00056426,7.708e-05,0.00025127
0.0004608,0.00010214,0.00023246
0.00035733,0.00010998,0.00021365
0.00025386,0.00011781,0.00019485
0.00015039,0.00012565,0.00017604
0.00057484,0.00020733,0.00049946
0.00035954,5.486e-05,0.00052993
0.00016444,3.738e-05,0.0001419
0.0001802,0.00012791,0.00010539
0.00012062,0.00011262,7.863e-05
6.104e-05,9.734e-05,5.188e-05
0.00015414,3.048e-05,9.564e-05
9.486e-05,4.57e-05,7.975e-05
0.00010295,5.93e-05,5.245e-05
0.00032322,4.478e-05,6.749e-05
0.00027431,4.284e-05,6.709e-05
0.0002254,4.089e-05,6.669e-05
0.00017649,3.895e-05,6.628e-05
0.00019678,3.7e-05,0.00014088
0.00021382,3.721e-05,8.382e-05
0.00019953,2.04e-05,4.421e-05
0.00019998,2.347e-05,4.503e-05
0.00020042,2.655e-05,4.584e-05
0.00020086,2.962e-05,4.665e-05
0.00051478,0.00012473,4.825e-05
0.00072611,0.00039197,0.0002296
0.00025947,7.791e-05,0.00037382
0.00024716,6.887e-05,0.00026869
0.00023485,5.983e-05,0.00016355
0.00022255,5.079e-05,5.842e-05
0.00010211,4.176e-05,0.00014827
0.00013194,3.611e-05,0.00016131
0.00010697,5.466e-05,6.903e-05
0.00011223,4.195e-05,7.457e-05
0.00011486,4.492e-05,8.224e-05
0.00011748,4.788e-05,8.991e-05
0.0001201,5.085e-05,9.759e-05
0.00015727,7.252e-05,0.00010902
0.00014988,4.174e-05,5.186e-05
0.00015925,5.456e-05,8.849e-05
9.54e-05,6.69e-05,0.00018576
0.00011863,6.752e-05,0.00017368
0.00014186,6.813e-05,0.0001616
0.00016509,6.875e-05,0.00014951
0.00010624,0.00021016,0.00035225
0.00012891,8.749e-05,0.00027744
0.00012699,0.00024063,0.00040612
0.00018379,0.0001061,0.00016065
0.00017574,0.00010471,0.00018331
0.0001677,0.00010332,0.00020598
0.00015966,0.00010193,0.00022864
5.648e-05,1.99e-05,4.244e-05
0.00015703,4.9e-05,9.347e-05
0.00017126,9.513e-05,9.374e-05
0.00033312,6.138e-05,0.00014796
0.00026934,5.684e-05,0.00012068
0.00020556,5.231e-05,9.341e-05
0.00014178,4.777e-05,6.613e-05
0.00022122,0.0003144,0.00011658
0.00016074,0.00043796,5.695e-05
0.0001015,0.00031804,7.694e-05
8.886e-05,0.00014382,6.965e-05
9.643e-05,0.00014876,6.34e-05
0.000104,0.00015371,5.716e-05
0.00011158,0.00015866,5.092e-05
0.00013056,9.678e-05,5.777e-05
0.0001252,0.00011985,7.123e-05
6.473e-05,0.00037624,3.16e-05
0.0001149,0.0002731,8.384e-05
0.00011092,0.00023713,8.074e-05
0.00010694,0.00020116,7.765e-05
0.00010297,0.00016519,7.455e-05
7.972e-05,0.00013562,0.00012599
9.202e-05,0.00017968,6.971e-05
6.122e-05,9.597e-05,5.21e-05
7.074e-05,6.281e-05,6.907e-05
7.859e-05,5.552e-05,6.529e-05
8.643e-05,4.824e-05,6.151e-05
9.428e-05,4.096e-05,5.773e-05
9.28e-05,0.00015035,8.701e-05
0.00026996,0.00013438,8.952e-05
8.634e-05,0.0002204,4.148e-05
4.906e-05,0.0002474,3.958e-05
5.654e-05,0.00028069,5.397e-05
6.402e-05,0.00031397,6.835e-05
7.15e-05,0.00034726,8.273e-05
7.582e-05,0.00021306,0.00013875
9.46e-05,0.00011605,0.00014415
6.405e-05,0.00013096,8.205e-05
9.187e-05,0.00018339,9.616e-05
9.131e-05,0.00018149,7.467e-05
9.076e-05,0.0001796,5.318e-05
9.021e-05,0.0001777,3.169e-05
0.00021458,0.00017581,8.848e-05
8.058e-05,0.00048041,0.00010433
0.00018336,0.00016109,6.18e-05
0.00019776,0.00022281,5.919e-05
0.00022407,0.00017955,5.9e-05
0.00025038,0.00013629,5.882e-05
0.00027669,9.304e-05,5.864e-05
0.000303,4.794e-05,5.846e-05
0.0001444,0.00012985,5.793e-05
8.453e-05,0.00012521,4.716e-05
8.248e-05,5.561e-05,9.856e-05
8.059e-05,6.98e-05,8.397e-05
7.869e-05,8.4e-05,6.939e-05
7.68e-05,9.819e-05,5.481e-05
5.516e-05,0.00010469,5.153e-05
6.539e-05,0.00015452,8.311e-05
6.863e-05,0.00010344,9.347e-05
4.693e-05,0.00016828,0.00010602
7.337e-05,0.00013907,9.361e-05
9.982e-05,0.00010987,8.12e-05
0.00012626,8.066e-05,6.88e-05
0.0002869,7.456e-05,6.494e-05
0.00017944,6.858e-05,5.34e-05
0.00017396,9.76e-05,6.195e-05
0.00014989,0.00012739,4.784e-05
0.00015366,0.00010214,5.058e-05
0.00015742,7.689e-05,5.331e-05
0.00016119,5.164e-05,5.605e-05
0.00016496,7.548e-05,5.879e-05
0.00016872,0.00016164,6.153e-05
0.00017249,0.00012623,6.426e-05
0.00017625,7.214e-05,6.7e-05
0.00018002,6.118e-05,6.974e-05
0.00018378,5.022e-05,7.247e-05
0.00018755,3.926e-05,7.521e-05
0.0001641,4.113e-05,4.925e-05
0.00014342,8.608e-05,5.287e-05
9.876e-05,0.00013032,2.934e-05
9.094e-05,9.495e-05,4.103e-05
9.083e-05,7.978e-05,5.388e-05
9.073e-05,6.462e-05,6.672e-05
9.062e-05,4.945e-05,7.957e-05
0.0002157,5.522e-05,6.161e-05
0.00014819,6.898e-05,3.2e-05
0.00010844,6.748e-05,2.886e-05
8.136e-05,4.308e-05,2.979e-05
9.078e-05,6.947e-05,4.085e-05
0.00010021,9.586e-05,5.191e-05
0.00010964,0.00012225,6.296e-05
0.00010947,0.00011302,4.475e-05
9.141e-05,2.475e-05,7.072e-05
0.00026645,8.301e-05,7.451e-05
0.00038515,8.434e-05,4.088e-05
0.00031737,6.894e-05,4.746e-05
0.00024959,5.354e-05,5.403e-05
0.00018182,3.814e-05,6.061e-05
8.754e-05,3.098e-05,4.796e-05
9.778e-05,3.54e-05,3.584e-05
6.186e-05,2.188e-05,3.213e-05
5.722e-05,2.962e-05,2.635e-05
5.725e-05,3.974e-05,2.97e-05
5.728e-05,4.987e-05,3.305e-05
5.731e-05,5.999e-05,3.64e-05
7.858e-05,2.778e-05,2.687e-05
0.0001102,2.672e-05,4.263e-05
7.602e-05,6.952e-05,2.408e-05
7.985e-05,3.313e-05,4.028e-05
9.848e-05,4.546e-05,0.00011954
0.00011711,5.779e-05,0.0001988
0.00013573,7.012e-05,0.00027807
7.753e-05,3.078e-05,2.355e-05
4.544e-05,3.677e-05,2.263e-05
7.57e-05,0.00020788,7.42e-05
0.00010874,7.628e-05,8.514e-05
9.101e-05,6.731e-05,6.771e-05
7.329e-05,5.834e-05,5.027e-05
5.556e-05,4.937e-05,3.284e-05
6.987e-05,0.00012352,3.623e-05
7.164e-05,9.095e-05,6.816e-05
6.416e-05,7.054e-05,3.704e-05
3.514e-05,5.013e-05,0.00012561
5.301e-05,5.238e-05,0.00010999
7.088e-05,5.463e-05,9.437e-05
8.876e-05,5.688e-05,7.876e-05
7.144e-05,5.791e-05,4.917e-05
8.56e-05,3.482e-05,2.792e-05
7.588e-05,0.00010189,2.672e-05
6.138e-05,3.546e-05,4.534e-05
0.00023725,4.5e-05,3.497e-05
0.00041311,5.453e-05,2.46e-05
0.00058898,6.407e-05,1.423e-05
7.152e-05,0.00011156,3.374e-05
6.161e-05,9.622e-05,7.46e-05
4.43e-05,5.969e-05,7.989e-05
7.372e-05,7.18e-05,8.818e-05
7.185e-05,8.836e-05,7.507e-05
6.998e-05,0.00010493,6.195e-05
6.81e-05,0.00012149,4.884e-05
5.176e-05,6.966e-05,2.985e-05
0.00015673,0.00047309,8.353e-05
0.00013641,8.362e-05,8.397e-05
0.00011164,8.654e-05,0.00010937
0.00011672,0.00011498,9.644e-05
0.0001218,0.00014342,8.352e-05
0.00012688,0.00017185,7.059e-05
0.00014776,0.00017648,5.303e-05
0.00011355,0.0001311,6.433e-05
8.754e-05,0.00013915,5.66e-05
0.00010914,0.00013035,6.83e-05
8.23e-05,0.00013398,5.823e-05
5.545e-05,0.00013761,4.816e-05
2.861e-05,0.00014124,3.81e-05
6.26e-05,0.00014486,2.635e-05
4.812e-05,8.233e-05,1.832e-05
8.755e-05,0.00018084,2.179e-05
0.00010278,4.798e-05,2.852e-05
9.364e-05,6.113e-05,2.476e-05
8.449e-05,7.428e-05,2.101e-05
7.535e-05,8.743e-05,1.726e-05
6.62e-05,0.00010058,1.35e-05
4.743e-05,1.998e-05,2.034e-05
3.479e-05,0.00014834,1.682e-05
7.93e-05,2.678e-05,2.117e-05
7.199e-05,3.123e-05,2.751e-05
6.468e-05,3.568e-05,3.386e-05
5.736e-05,4.013e-05,4.021e-05
8.173e-05,4.302e-05,1.509e-05
2.737e-05,5.802e-05,1.342e-05
6.802e-05,4.631e-05,2.065e-05
3.993e-05,4.769e-05,2.178e-05
3.892e-05,5.036e-05,2.523e-05
3.79e-05,5.303e-05,2.869e-05
3.689e-05,5.57e-05,3.215e-05
9.629e-05,5.837e-05,4.026e-05
6.316e-05,5.805e-05,2.249e-05
9.22e-05,7.692e-05,1.432e-05
5.237e-05,4.934e-05,1.898e-05
6.052e-05,7.733e-05,1.895e-05
6.868e-05,0.00010532,1.891e-05
7.684e-05,0.0001333,1.888e-05
8.499e-05,4.719e-05,1.884e-05
9.315e-05,3.092e-05,1.881e-05
0.00010131,0.000136,1.877e-05
0.00010946,8.231e-05,1.874e-05
0.00011762,9.822e-05,1.871e-05
0.00012578,0.00011414,1.867e-05
0.00013393,0.00013005,1.864e-05
6.394e-05,4.731e-05,1.576e-05
2.363e-05,0.00013194,2.635e-05
8.639e-05,6.741e-05,2.458e-05
5.35e-05,2.541e-05,3.059e-05
5.037e-05,6.142e-05,2.548e-05
4.724e-05,9.743e-05,2.038e-05
4.412e-05,0.00013344,1.527e-05
3.262e-05,4.447e-05,2.078e-05
4.837e-05,3.83e-05,0.00013155
4.469e-05,5.7e-05,5.255e-05
3.244e-05,7.005e-05,3.54e-05
3.4e-05,5.743e-05,3.656e-05
3.555e-05,4.481e-05,3.773e-05
3.71e-05,3.219e-05,3.889e-05
4.491e-05,7.099e-05,3.563e-05
0.00013743,5.281e-05,2.548e-05
3.488e-05,4.832e-05,4.784e-05
2.673e-05,4.234e-05,2.626e-05
2.906e-05,3.937e-05,3.077e-05
3.14e-05,3.639e-05,3.527e-05
3.373e-05,3.342e-05,3.978e-05
3.339e-05,3.044e-05,2.506e-05
3.345e-05,0.00011414,4.27e-05
4.346e-05,3.032e-05,2.263e-05
8.676e-05,0.00018288,1.957e-05
7.011e-05,0.00014182,1.905e-05
5.347e-05,0.00010076,1.852e-05
3.683e-05,5.97e-05,1.8e-05
3.195e-05,5.095e-05,3.27e-05
2.955e-05,5.088e-05,3.062e-05
5.603e-05,0.00017559,4.946e-05
2.533e-05,0.00030859,4.867e-05
4.238e-05,0.00022668,5.336e-05
5.944e-05,0.00014477,5.806e-05
7.649e-05,6.286e-05,6.276e-05
2.257e-05,4.111e-05,2.82e-05
1.386e-05,3.132e-05,2.476e-05
2.816e-05,1.986e-05,3.182e-05
5.068e-05,9.904e-05,6.042e-05
4.231e-05,8.577e-05,4.918e-05
3.394e-05,7.249e-05,3.793e-05
2.557e-05,5.921e-05,2.668e-05
2.425e-05,6.005e-05,4.483e-05
