3.081e-05,3.62e-06,4.754e-05
5.725e-05,4.772e-05,0.00018151
1.312e-05,0.00017252,8.493e-05
1.669e-05,7.504e-05,8.22e-05
7.116e-05,6.248e-05,8.897e-05
5.034e-05,4.992e-05,9.39e-05
2.953e-05,3.736e-05,9.883e-05
8.71e-06,2.48e-05,0.00010376
2.047e-05,1.01e-05,9.743e-05
4.209e-05,4.556e-05,2.791e-05
3.732e-05,6.139e-05,3.233e-05
3.255e-05,3.707e-05,3.675e-05
2.778e-05,2.646e-05,4.118e-05
2.301e-05,1.585e-05,4.56e-05
1.824e-05,5.24e-06,5.003e-05
2.654e-05,4.28e-05,8.066e-05
1.831e-05,4.624e-05,8.888e-05
2.055e-05,9.406e-05,5.977e-05
1.111e-05,3.784e-05,7.851e-05
2.458e-05,7.86e-05,9.263e-05
3.806e-05,0.00011937,0.00010675
5.153e-05,0.00016013,0.00012087
9.91e-06,8.374e-05,7.322e-05
1.476e-05,9.05e-06,2.516e-05
1.182e-05,8.414e-05,8.047e-05
6.413e-05,2.374e-05,3.832e-05
5.957e-05,2.273e-05,4.329e-05
5.501e-05,2.172e-05,4.826e-05
5.044e-05,2.07e-05,5.324e-05
1.229e-05,2.338e-05,1.766e-05
1.385e-05,1.538e-05,2.853e-05
3.438e-05,3.792e-05,1.868e-05
3.085e-05,4.117e-05,2.129e-05
2.732e-05,4.441e-05,2.389e-05
2.378e-05,4.766e-05,2.65e-05
2.025e-05,5.086e-05,2.91e-05
1.671e-05,6.04e-05,3.17e-05
3.669e-05,4.508e-05,3.28e-05
5.379e-05,2.213e-05,5.521e-05
5.041e-05,3.243e-05,5.282e-05
4.703e-05,4.273e-05,5.043e-05
4.365e-05,5.303e-05,4.804e-05
2.354e-05,7.138e-05,2.418e-05
5.035e-05,7.16e-05,2.432e-05
0.00018245,1.782e-05,7.826e-05
1.969e-05,1.557e-05,2.897e-05
3.938e-05,1.644e-05,2.643e-05
5.907e-05,1.73e-05,2.389e-05
2.659e-05,2.341e-05,2.729e-05
0.0001539,1.586e-05,3.679e-05
4.075e-05,1.368e-05,2.792e-05
5.66e-06,9.3e-06,5.026e-05
2.17e-05,1.011e-05,4.615e-05
3.773e-05,1.091e-05,4.203e-05
5.377e-05,1.172e-05,3.791e-05
4.203e-05,1.095e-05,5.071e-05
1.577e-05,9.7e-06,2.895e-05
2.497e-05,1.55e-05,2.665e-05
2.266e-05,3.492e-05,1.739e-05
2.589e-05,5.517e-05,1.51e-05
2.912e-05,7.542e-05,1.28e-05
3.235e-05,9.567e-05,1.05e-05
1.892e-05,0.00011591,1.017e-05
1.902e-05,6.801e-05,1.581e-05
2.932e-05,3.818e-05,2.975e-05
7.205e-05,5.744e-05,2.272e-05
5.883e-05,5.612e-05,2.682e-05
4.562e-05,5.481e-05,3.092e-05
3.24e-05,5.349e-05,3.502e-05
3.272e-05,7.457e-05,2.943e-05
3.156e-05,6.481e-05,4.155e-05
4.702e-05,0.0001733,2.939e-05
7.486e-05,0.00014186,8.55e-06
0.00010631,0.00013354,1.981e-05
0.00013776,0.00012523,3.107e-05
0.00016921,0.00011692,4.233e-05
5.105e-05,0.00014171,2.44e-05
2.25e-05,0.00011707,4.923e-05
4.936e-05,0.00014436,2.897e-05
5.368e-05,6.788e-05,6.156e-05
5.242e-05,5.42e-05,4.887e-05
5.116e-05,4.052e-05,3.617e-05
4.99e-05,2.683e-05,2.348e-05
4.864e-05,4.316e-05,1.078e-05
5.015e-05,9.77e-05,1.328e-05
3.664e-05,9.407e-05,3.232e-05
3.444e-05,0.00012757,1.701e-05
5.764e-05,9.998e-05,2.8e-05
8.085e-05,7.24e-05,3.899e-05
0.00010406,4.481e-05,4.997e-05
4.292e-05,5.545e-05,2.341e-05
5.989e-05,0.00013348,3.226e-05
4.053e-05,2.802e-05,2.772e-05
3.175e-05,6.494e-05,1.275e-05
2.543e-05,5.276e-05,1.299e-05
1.911e-05,4.057e-05,1.323e-05
1.279e-05,2.838e-05,1.347e-05
1.812e-05,1.896e-05,1.955e-05
2.399e-05,2.512e-05,1.994e-05
3.29e-06,3.127e-05,2.342e-05
2.228e-05,1.426e-05,3.987e-05
1.633e-05,1.162e-05,4.598e-05
1.038e-05,8.98e-06,5.209e-05
4.43e-06,6.34e-06,5.82e-05
6.87e-06,1.193e-05,7.405e-05
4.5e-06,2.292e-05,1.428e-05
1.254e-05,0.00010415,2.291e-05
2.111e-05,2.429e-05,3.792e-05
1.58e-05,2.226e-05,3.97e-05
1.048e-05,2.023e-05,4.147e-05
5.17e-06,1.82e-05,4.325e-05
8.97e-06,5.964e-05,1.392e-05
2.069e-05,4.075e-05,1.673e-05
2.932e-05,6.77e-06,3.248e-05
5.71e-06,1.77e-05,4.37e-05
1.173e-05,2.561e-05,3.477e-05
1.775e-05,3.352e-05,2.583e-05
2.377e-05,4.143e-05,1.69e-05
4.08e-06,1.924e-05,2.376e-05
9.18e-06,3.119e-05,5.201e-05
1.255e-05,2.795e-05,8.06e-06
1.371e-05,7.863e-05,1.707e-05
1.441e-05,5.739e-05,1.604e-05
1.51e-05,3.615e-05,1.502e-05
1.58e-05,1.491e-05,1.4e-05
6.15e-06,1.429e-05,1.237e-05
1.59e-05,8.14e-06,1.48e-05
1.966e-05,9.62e-06,2.11e-05
6.8e-06,7.17e-06,8.65e-06
6.61e-06,1.146e-05,1.48e-05
6.42e-06,1.576e-05,2.096e-05
6.22e-06,2.005e-05,2.712e-05
1.292e-05,5.38e-06,1.371e-05
5.09e-06,1.186e-05,7.73e-06
1.999e-05,1.041e-05,2.089e-05
8.88e-06,1.675e-05,1.48e-05
1.121e-05,1.425e-05,1.684e-05
1.355e-05,1.176e-05,1.887e-05
1.589e-05,9.26e-06,2.09e-05
1.988e-05,8.93e-06,2.239e-05
1.51e-05,1.012e-05,2.879e-05
4.26e-06,2.403e-05,2.143e-05
1.148e-05,6.44e-06,5.122e-05
1.403e-05,1.422e-05,4.103e-05
1.658e-05,2.2e-05,3.083e-05
1.913e-05,2.978e-05,2.064e-05
3.75e-06,4.399e-05,1.338e-05
2.083e-05,5.36e-06,8.82e-06
4.38e-06,1.686e-05,1.163e-05
1.003e-05,4.47e-06,1.071e-05
1.178e-05,6.12e-06,1.858e-05
1.354e-05,7.77e-06,2.646e-05
1.529e-05,9.42e-06,3.433e-05
1.423e-05,2.946e-05,2.271e-05
6.51e-06,1.069e-05,2.409e-05
2.209e-05,5.64e-06,2.203e-05
1.048e-05,2.02e-06,2.384e-05
7.8e-06,2.61e-06,3.362e-05
5.12e-06,3.2e-06,4.34e-05
2.44e-06,3.78e-06,5.318e-05
2.604e-05,4.37e-06,0.00016776
4.36e-06,6.98e-06,4.402e-05
1.377e-05,6.37e-06,7.842e-05
2.008e-05,6.55e-06,2.479e-05
1.579e-05,6.33e-06,3.533e-05
1.15e-05,6.11e-06,4.588e-05
7.21e-06,5.89e-06,5.643e-05
2.72e-06,8.86e-06,7.93e-05
6.13e-06,5.57e-06,5.885e-05
2.003e-05,1.689e-05,5.628e-05
6.67e-06,6.63e-06,1.43e-05
7.07e-06,1.489e-05,1.741e-05
7.46e-06,2.315e-05,2.052e-05
7.86e-06,3.141e-05,2.364e-05
8.48e-06,9.18e-06,1.429e-05
1.109e-05,3.296e-05,7.77e-06
4.31e-06,2.674e-05,1.514e-05
3.246e-05,7.25e-06,2.14e-05
2.537e-05,5.99e-06,2.197e-05
1.827e-05,4.73e-06,2.253e-05
1.117e-05,3.47e-06,2.31e-05
4.07e-06,7.76e-06,2.366e-05
9.25e-06,6.49e-06,3.928e-05
7.82e-06,1.195e-05,1.072e-05
9.6e-06,4.02e-06,1.623e-05
9.65e-06,4.14e-06,1.886e-05
9.71e-06,4.27e-06,2.148e-05
9.76e-06,4.39e-06,2.411e-05
9.82e-06,1.001e-05,2.673e-05
9.87e-06,6.09e-06,2.936e-05
9.93e-06,5.41e-06,3.198e-05
9.98e-06,4.17e-06,3.46e-05
1.004e-05,3.75e-06,3.723e-05
1.009e-05,3.33e-06,3.985e-05
1.015e-05,2.91e-06,4.248e-05
3.114e-05,2.65e-06,2.33e-05
5.61e-06,7.34e-06,3.271e-05
5.89e-06,1.104e-05,4.071e-05
2.812e-05,4.83e-06,8.551e-05
2.085e-05,4.38e-06,6.539e-05
1.359e-05,3.93e-06,4.528e-05
6.32e-06,3.48e-06,2.516e-05
7.11e-06,1.092e-05,1.504e-05
3.43e-06,3.46e-06,2.26e-05
4.05e-06,4.78e-06,2.08e-05
8.09e-06,1.93e-05,3.428e-05
7.86e-06,1.773e-05,2.862e-05
7.63e-06,1.616e-05,2.295e-05
7.4e-06,1.459e-05,1.729e-05
1.066e-05,1.462e-05,0.00011113
1.56e-06,6.62e-06,3.586e-05
3.42e-06,1.627e-05,2.351e-05
1.463e-05,3.76e-06,5.202e-05
1.339e-05,3.57e-06,6.089e-05
1.214e-05,3.37e-06,6.977e-05
1.09e-05,3.17e-06,7.864e-05
4.97e-06,9.89e-06,9.197e-05
4.75e-06,1.251e-05,6.55e-06
8.07e-06,1.09e-05,5.112e-05
3.087e-05,7.73e-06,3.596e-05
3.51e-05,1.11e-05,3.404e-05
3.934e-05,1.448e-05,3.213e-05
4.357e-05,1.785e-05,3.022e-05
3.016e-05,4.3e-06,2.487e-05
1.243e-05,2.83e-06,6.15e-05
4.212e-05,4.22e-06,7.001e-05
1.296e-05,3.87e-06,7.218e-05
1.136e-05,3.61e-06,8.566e-05
9.76e-06,3.35e-06,9.913e-05
8.15e-06,3.09e-06,0.0001126
0.00017034,4.61e-06,6.8e-05
2.309e-05,5.67e-06,2.203e-05
2.968e-05,2.29e-06,1.958e-05
2.518e-05,2.26e-06,3.852e-05
2.321e-05,2.9e-06,3.553e-05
2.125e-05,3.54e-06,3.255e-05
1.929e-05,4.19e-06,2.957e-05
4.91e-06,1.57e-06,1.521e-05
1.883e-05,2.82e-06,2.269e-05
1.266e-05,6.73e-06,1.177e-05
1.768e-05,1.064e-05,4.935e-05
1.421e-05,8.68e-06,4.373e-05
1.074e-05,6.71e-06,3.812e-05
7.27e-06,4.75e-06,3.25e-05
3.61e-06,2.89e-06,4.435e-05
1.537e-05,2.89e-06,9.906e-05
6.24e-07,2.95e-06,4.07e-05
5.436e-05,3.26e-06,4.388e-05
4.164e-05,4.33e-06,3.521e-05
2.892e-05,5.39e-06,2.653e-05
1.619e-05,6.46e-06,1.786e-05
8.04e-06,2.67e-06,6.201e-05
7.16e-06,7.41e-06,4.284e-05
3.714e-05,1.216e-05,2.964e-05
5.91e-06,7.35e-06,3.634e-05
9.64e-06,7.28e-06,3.09e-05
1.337e-05,7.21e-06,2.546e-05
1.71e-05,7.13e-06,2.002e-05
1.3e-05,6.15e-06,2.607e-05
1.082e-05,3.05e-06,2.672e-05
9.44e-06,5.32e-06,1.543e-05
1.129e-05,1.69e-06,1.834e-05
8.91e-06,2.36e-06,1.6e-05
6.53e-06,3.03e-06,1.366e-05
4.16e-06,3.7e-06,1.132e-05
1.711e-05,6.62e-06,1.607e-05
4.11e-06,5.23e-06,2.732e-05
1.294e-05,3.74e-06,2.775e-05
7.9e-06,3.93e-06,2.128e-05
9.8e-06,3.87e-06,2.357e-05
1.17e-05,3.82e-06,2.586e-05
1.36e-05,3.76e-06,2.815e-05
1.215e-05,6.7e-06,1.638e-05
1.292e-05,9.65e-06,3.019e-05
4.93e-06,1.065e-05,3.772e-05
4.89e-06,1.683e-05,5.562e-05
9.7e-06,1.434e-05,4.839e-05
1.451e-05,1.185e-05,4.116e-05
1.931e-05,9.37e-06,3.394e-05
2.412e-05,1.58e-05,2.671e-05
2.893e-05,2.224e-05,1.948e-05
5.1e-06,1.466e-05,2.521e-05
6.055e-05,1.13e-05,1.929e-05
4.338e-05,1.427e-05,1.52e-05
2.622e-05,1.724e-05,1.111e-05
9.06e-06,2.021e-05,7.01e-06
6.46e-06,1.024e-05,9.46e-06
6.41e-06,2.603e-05,2.574e-05
1.245e-05,1.094e-05,2.333e-05
0.0001803,4.856e-05,5.287e-05
0.00012917,4.158e-05,3.938e-05
7.805e-05,3.46e-05,2.589e-05
2.692e-05,2.762e-05,1.24e-05
4.663e-05,3.364e-05,1.666e-05
1.273e-05,2.332e-05,1.726e-05
2.687e-05,9.1e-06,1.512e-05
1.362e-05,1.72e-05,1.724e-05
2.818e-05,1.818e-05,1.924e-05
4.274e-05,1.915e-05,2.124e-05
5.729e-05,2.012e-05,2.323e-05
2.338e-05,2.11e-05,6.618e-05
6.921e-05,8.558e-05,2.712e-05
2.258e-05,7.56e-06,2.093e-05
1.869e-05,9.18e-06,2.547e-05
3.061e-05,1.95e-05,2.25e-05
4.252e-05,2.983e-05,1.953e-05
5.443e-05,4.015e-05,1.656e-05
5.008e-05,3.129e-05,4.252e-05
4.132e-05,5.431e-05,1.483e-05
4.336e-05,3.406e-05,2.857e-05
2.547e-05,1.963e-05,5.25e-06
2.837e-05,1.868e-05,6.03e-06
3.127e-05,1.772e-05,6.81e-06
3.417e-05,1.677e-05,7.58e-06
3.707e-05,2.42e-06,8.36e-06
3.997e-05,7.01e-06,9.14e-06
4.288e-05,1.284e-05,9.92e-06
4.578e-05,7.5e-06,1.07e-05
4.868e-05,5.74e-06,1.147e-05
5.158e-05,3.97e-06,1.225e-05
5.448e-05,2.21e-06,1.303e-05
1.961e-05,1.132e-05,1.841e-05
2.992e-05,1.283e-05,1.112e-05
3.625e-05,5.49e-06,2.505e-05
8.846e-05,5.66e-06,9.58e-06
6.736e-05,6.05e-06,1.639e-05
4.627e-05,6.45e-06,2.32e-05
2.518e-05,6.84e-06,3.001e-05
3.453e-05,7.23e-06,2.035e-05
1.568e-05,9.58e-06,1.491e-05
8.91e-06,6.47e-06,1.389e-05
8.49e-06,9.71e-06,1.463e-05
8.06e-06,8.72e-06,1.45e-05
7.63e-06,7.73e-06,1.437e-05
7.2e-06,6.75e-06,1.424e-05
9.1e-06,1.323e-05,1.86e-05
8.47e-06,2.817e-05,9.72e-06
1.3e-05,1.447e-05,1.973e-05
6.38e-06,8.88e-06,1.645e-05
9.17e-06,6.65e-06,1.445e-05
1.197e-05,4.42e-06,1.244e-05
1.476e-05,2.18e-06,1.044e-05
5.048e-05,6.33e-06,1.306e-05
1.224e-05,8.67e-06,7.33e-06
1.479e-05,5.82e-06,2.504e-05
8.81e-06,4.32e-06,1.858e-05
1.105e-05,5.02e-06,1.797e-05
1.329e-05,5.73e-06,1.736e-05
1.553e-05,6.44e-06,1.674e-05
2.493e-05,1.329e-05,1.013e-05
2.855e-05,1.113e-05,1.84e-05
1.87e-05,4.49e-06,1.283e-05
0.00011974,3.788e-05,3.68e-06
8.681e-05,3.504e-05,5.41e-06
5.387e-05,3.219e-05,7.15e-06
2.094e-05,2.935e-05,8.89e-06
4.55e-06,1.678e-05,1.023e-05
9.22e-06,3.658e-05,4.661e-05
1.003e-05,1.255e-05,1.604e-05
1.254e-05,9.96e-06,1.032e-05
9.82e-06,1.702e-05,1.063e-05
7.1e-06,2.408e-05,1.094e-05
4.39e-06,3.113e-05,1.125e-05
3.66e-06,9.48e-06,8.88e-06
2.81e-06,1.371e-05,1.963e-05
9.53e-06,2.847e-05,5.42e-06
7.06e-06,1.389e-05,1.694e-05
6.87e-06,1.1e-05,1.537e-05
6.67e-06,8.12e-06,1.381e-05
6.47e-06,5.23e-06,1.224e-05
3.93e-06,3.46e-06,1.504e-05
2.946e-05,1.11e-05,1.987e-05
5.54e-05,4.54e-06,4.54e-06
4.29e-05,3.95e-06,5.68e-06
3.039e-05,3.72e-06,6.82e-06
1.789e-05,3.5e-06,7.95e-06
5.39e-06,3.27e-06,9.09e-06
3.87e-06,1.121e-05,6.35e-06
2.49e-06,5.4e-06,4.55e-06
3.2e-06,1.308e-05,8.15e-06
5.69e-06,3.32e-06,1.696e-05
5.29e-06,3.02e-06,1.668e-05
4.89e-06,2.71e-06,1.641e-05
4.49e-06,2.4e-06,1.614e-05
1.66e-06,4.69e-06,9.39e-06
1.334e-05,1.326e-05,8.9e-06
4.45e-06,4.85e-06,1.905e-05
3.82e-06,4.42e-06,2.27e-05
3.56e-06,3.99e-06,1.718e-05
3.3e-06,3.55e-06,1.166e-05
3.04e-06,3.12e-06,6.15e-06
1.471e-05,7.24e-06,9.82e-06
2.38e-06,6.71e-06,5.72e-06
6.17e-06,8.81e-06,2.69e-05
5.81e-06,4.58e-06,1.066e-05
6.37e-06,4.32e-06,1.383e-05
6.93e-06,4.06e-06,1.7e-05
7.49e-06,3.81e-06,2.017e-05
9.98e-06,9.15e-06,8.52e-06
1.069e-05,1.679e-05,8.05e-06
1.139e-05,4.136e-05,7.59e-06
1.209e-05,4.825e-05,7.13e-06
1.279e-05,3.908e-05,6.67e-06
1.35e-05,2.99e-05,6.21e-06
1.42e-05,2.073e-05,5.74e-06
1.159e-05,9.79e-06,5.56e-06
4.4e-06,8.28e-06,6.85e-06
7.99e-06,1.623e-05,1.487e-05
2.58e-05,2.658e-05,1.182e-05
2.116e-05,2.45e-05,1.184e-05
1.651e-05,2.242e-05,1.186e-05
1.186e-05,2.034e-05,1.188e-05
2.296e-05,4.72e-06,1.232e-05
3.916e-05,8.21e-06,1.4e-05
9.41e-06,2.367e-05,1.815e-05
2.759e-05,1.301e-05,2.676e-05
3.687e-05,1.254e-05,2.221e-05
4.614e-05,1.207e-05,1.767e-05
5.541e-05,1.16e-05,1.312e-05
6.96e-06,2.486e-05,5.672e-05
2.725e-05,5.24e-06,4.325e-05
1.661e-05,1.278e-05,7.976e-05
8.13e-06,1.768e-05,2.724e-05
4.154e-05,1.565e-05,4.488e-05
7.494e-05,1.362e-05,6.253e-05
0.00010835,1.16e-05,8.018e-05
5.785e-05,9.57e-06,0.00022977
4.05e-05,5.421e-05,0.00015969
2.327e-05,1.584e-05,0.0001238
7.59e-06,3.896e-05,6.736e-05
1.066e-05,2.867e-05,7.501e-05
1.374e-05,1.838e-05,8.267e-05
1.682e-05,8.1e-06,9.032e-05
3.937e-05,2.186e-05,0.00011716
1.17e-05,7.4e-06,0.00013979
1.271e-05,8.1e-06,0.00011334
1.334e-05,1.095e-05,0.000102
1.397e-05,8.64e-06,9.066e-05
1.46e-05,6.33e-06,7.933e-05
1.523e-05,4.02e-06,6.799e-05
3.218e-05,6.79e-06,3.716e-05
5.127e-05,1.158e-05,4.812e-05
3.94e-06,1.305e-05,6.806e-05
6.64e-06,5.67e-06,6.889e-05
7.48e-06,5.25e-06,6.494e-05
8.31e-06,4.83e-06,6.099e-05
9.15e-06,4.41e-06,5.704e-05
1.346e-05,2.086e-05,5.892e-05
8.03e-06,9.84e-06,9.553e-05
1.152e-05,3.17e-06,5.787e-05
1.477e-05,4.65e-06,4.061e-05
1.514e-05,1.877e-05,3.557e-05
1.551e-05,3.289e-05,3.052e-05
1.589e-05,4.702e-05,2.548e-05
2.166e-05,1.253e-05,0.00015905
2.227e-05,1.994e-05,4.904e-05
4.545e-05,8.73e-06,0.00010339
6.129e-05,7.52e-06,0.00013157
5.525e-05,9.69e-06,0.00015388
4.92e-05,1.187e-05,0.00017619
4.316e-05,1.404e-05,0.0001985
9.54e-06,6.81e-06,3.128e-05
6.05e-06,5.57e-06,3.987e-05
6.92e-06,3.41e-06,9.196e-05
7.65e-06,1.26e-06,4.944e-05
8.21e-06,1.71e-06,5.587e-05
8.77e-06,2.16e-06,6.231e-05
9.32e-06,2.61e-06,6.874e-05
2.054e-05,6e-06,3.908e-05
7.47e-06,5.79e-06,4.988e-05
2.223e-05,3.5e-06,3.132e-05
1.42e-06,1.235e-05,6.515e-05
5.27e-06,1e-05,6.292e-05
9.12e-06,7.65e-06,6.07e-05
1.296e-05,5.29e-06,5.847e-05
3.804e-05,6.2e-06,9.238e-05
5.71e-06,4.66e-06,6.99e-05
3.61e-06,2.21e-06,7.293e-05
1.092e-05,1.47e-05,6.006e-05
9.51e-06,1.013e-05,6.511e-05
8.11e-06,5.55e-06,7.015e-05
6.7e-06,9.8e-07,7.52e-05
1.717e-05,6.83e-06,0.00015382
1.569e-05,5.68e-06,2.962e-05
5.31e-06,2.12e-06,2.988e-05
1.11e-05,3.591e-05,6.385e-05
1.252e-05,2.862e-05,7.708e-05
1.394e-05,2.132e-05,9.032e-05
1.535e-05,1.403e-05,0.00010355
1.409e-05,1.018e-05,3.811e-05
2.084e-05,7.06e-06,0.00017775
1.245e-05,2.96e-06,2.405e-05
1.94e-05,4.52e-06,5.167e-05
1.568e-05,5.41e-06,3.954e-05
1.196e-05,6.29e-06,2.742e-05
8.24e-06,7.17e-06,1.529e-05
3.221e-05,1.454e-05,1.422e-05
3.541e-05,2.71e-05,7.072e-05
9.88e-06,3.25e-06,0.00013014
2.343e-05,7.66e-06,1.946e-05
1.984e-05,6.85e-06,2.204e-05
1.625e-05,6.05e-06,2.463e-05
1.266e-05,5.24e-06,2.722e-05
2.204e-05,1.011e-05,4.913e-05
4.115e-05,3.88e-06,3.686e-05
2.912e-05,2.38e-06,2.859e-05
2.953e-05,6.57e-06,4.01e-05
2.921e-05,2.73e-05,3.328e-05
2.889e-05,4.804e-05,2.646e-05
2.856e-05,6.877e-05,1.963e-05
1.389e-05,5.4e-06,2.219e-05
3.78e-05,1.418e-05,2.295e-05
1.689e-05,8.68e-06,0.00020446
8.32e-06,1.524e-05,5.889e-05
7.13e-06,1.881e-05,5.46e-05
5.93e-06,2.238e-05,5.032e-05
4.74e-06,2.594e-05,4.604e-05
8.48e-06,1.007e-05,7.734e-05
3.007e-05,2.32e-06,2.952e-05
2.514e-05,8.14e-07,8.48e-06
1.82e-05,5.12e-06,1.126e-05
5.107e-05,6.37e-06,1.408e-05
8.394e-05,7.63e-06,1.691e-05
0.00011681,8.88e-06,1.973e-05
5.276e-05,1.013e-05,2.859e-05
4.091e-05,3.43e-06,2.115e-05
9.027e-05,2.5e-06,2.301e-05
2.846e-05,2.69e-06,3.043e-05
3.343e-05,3.51e-06,3.25e-05
3.841e-05,4.32e-06,3.458e-05
4.338e-05,5.14e-06,3.665e-05
8.146e-05,1.494e-05,1.777e-05
9.12e-06,8.85e-06,1.701e-05
6.991e-05,7.07e-06,4.135e-05
5.44e-05,8.9e-07,3.486e-05
3.889e-05,1.47e-06,2.838e-05
2.339e-05,2.04e-06,2.189e-05
7.88e-06,2.62e-06,1.541e-05
1.239e-05,9.71e-07,2.101e-05
7.709e-05,2.01e-06,2.416e-05
8.142e-05,6.17e-06,3.566e-05
7.473e-05,6.25e-06,3.398e-05
6.804e-05,6.33e-06,3.231e-05
6.135e-05,6.41e-06,3.063e-05
5.776e-05,5.58e-06,3.987e-05
1.193e-05,9.87e-06,3.201e-05
1.77e-05,5.9e-06,1.907e-05
3.329e-05,1.75e-06,1.585e-05
2.728e-05,5.19e-06,1.487e-05
2.128e-05,8.63e-06,1.388e-05
1.527e-05,1.207e-05,1.29e-05
1.665e-05,1.44e-05,1.808e-05
1.802e-05,1.88e-06,2.327e-05
1.94e-05,2.38e-06,2.846e-05
2.078e-05,2.69e-06,3.365e-05
2.215e-05,2.05e-06,3.883e-05
2.353e-05,1.42e-06,4.402e-05
2.49e-05,7.83e-07,4.921e-05
2.628e-05,2.694e-05,5.44e-05
1.801e-05,1.19e-06,1.002e-05
1.787e-05,1.02e-06,7.53e-06
2.183e-05,2.03e-06,1.371e-05
3.622e-05,1.51e-06,1.325e-05
5.062e-05,9.89e-07,1.278e-05
6.501e-05,4.69e-07,1.232e-05
1.165e-05,3.13e-06,7e-06
2.428e-05,1.681e-05,0.00011241
4.43e-06,1.542e-05,7.49e-06
1.839e-05,3.24e-06,1.03e-05
1.324e-05,2.97e-06,9.95e-06
8.08e-06,2.69e-06,9.6e-06
2.92e-06,2.42e-06,9.24e-06
6.78e-06,8.58e-06,4.68e-06
1.489e-05,7.92e-07,9.06e-06
4.331e-05,1.83e-06,1.469e-05
9.5e-06,1.52e-06,6.44e-06
1.217e-05,2.19e-06,6.97e-06
1.485e-05,2.86e-06,7.5e-06
1.753e-05,3.52e-06,8.03e-06
6.705e-05,3.32e-06,2.583e-05
1.003e-05,5.173e-05,1.046e-05
9.75e-06,9.828e-05,7.716e-05
1.77e-05,2.846e-05,2.197e-05
1.649e-05,2.79e-05,1.858e-05
1.527e-05,2.734e-05,1.519e-05
1.406e-05,2.678e-05,1.18e-05
1.363e-05,5.606e-05,1.419e-05
1.004e-05,5.586e-05,8.2e-06
9.6e-06,7.46e-06,9.9e-06
7.39e-06,6.72e-06,7.07e-06
8.36e-06,1.453e-05,1.03e-05
9.33e-06,2.234e-05,1.353e-05
1.03e-05,3.015e-05,1.675e-05
1.23e-05,1.852e-05,1.192e-05
2.782e-05,9.29e-06,1.333e-05
0.00013069,2.202e-05,1.132e-05
8.47e-06,0.00012852,6.4e-06
1.181e-05,9.166e-05,8.01e-06
1.515e-05,5.479e-05,9.61e-06
1.849e-05,1.792e-05,1.122e-05
4.9e-06,2.382e-05,1.585e-05
8.91e-06,7.53e-06,1.624e-05
1.279e-05,9.61e-06,1.259e-05
1.31e-05,1.576e-05,1.652e-05
1.288e-05,2.813e-05,1.706e-05
1.266e-05,4.051e-05,1.759e-05
1.244e-05,5.288e-05,1.813e-05
2.664e-05,4.052e-05,2.032e-05
4.157e-05,6.17e-05,3.711e-05
2.1e-05,3.53e-05,8.874e-05
3.551e-05,8.91e-06,2.233e-05
3.045e-05,1.48e-05,1.86e-05
2.538e-05,2.07e-05,1.487e-05
2.032e-05,2.659e-05,1.114e-05
2.137e-05,1.265e-05,2.928e-05
1.047e-05,3.11e-06,1.451e-05
1.51e-05,1.493e-05,2.336e-05
2.286e-05,4.47e-06,1.397e-05
4.675e-05,5.21e-06,1.337e-05
7.065e-05,5.94e-06,1.277e-05
9.455e-05,6.67e-06,1.217e-05
5.461e-05,2.78e-06,2.912e-05
3.562e-05,1.411e-05,8.69e-06
4.589e-05,8.78e-06,1.293e-05
8e-06,3.132e-05,8e-06
1.101e-05,2.224e-05,8.63e-06
1.403e-05,1.317e-05,9.26e-06
1.704e-05,4.09e-06,9.89e-06
1.81e-05,3.853e-05,2.956e-05
8.29e-06,1.244e-05,1.166e-05
1.938e-05,1.972e-05,2.226e-05
1.385e-05,4.394e-05,3.869e-05
1.613e-05,3.844e-05,3.069e-05
1.842e-05,3.294e-05,2.268e-05
2.07e-05,2.744e-05,1.468e-05
2.436e-05,4.81e-06,8.87e-06
1.476e-05,4.7e-06,1.906e-05
7.54e-06,4.58e-06,1.862e-05
4.021e-05,6e-06,2.303e-05
3.437e-05,5.6e-06,1.976e-05
2.852e-05,5.2e-06,1.649e-05
2.268e-05,4.8e-06,1.321e-05
1.541e-05,6.6e-06,1.826e-05
1.166e-05,6.98e-06,2.095e-05
7.92e-06,7.36e-06,2.364e-05
9.7e-06,1.96e-06,1.075e-05
1.656e-05,3.77e-06,1.115e-05
2.341e-05,5.58e-06,1.155e-05
3.027e-05,7.39e-06,1.195e-05
1.547e-05,6.05e-06,1.95e-05
7.93e-06,2.46e-06,1.325e-05
1.702e-05,2.88e-06,1.457e-05
3.15e-06,1.12e-05,1.9e-05
6.22e-06,9.67e-06,1.652e-05
9.29e-06,8.15e-06,1.404e-05
1.237e-05,6.62e-06,1.156e-05
4.669e-05,4.23e-06,2.774e-05
1.771e-05,1.04e-05,1.923e-05
2.333e-05,2.283e-05,0.00010934
4.484e-05,1.476e-05,1.47e-05
6.696e-05,1.255e-05,2.1e-05
8.908e-05,1.033e-05,2.731e-05
0.00011121,8.12e-06,3.361e-05
4.575e-05,5.91e-06,1.615e-05
0.00027582,7.55e-06,2.787e-05
3.626e-05,1.008e-05,9.39e-06
3.454e-05,1.979e-05,9.88e-06
3.283e-05,2.991e-05,1.038e-05
3.111e-05,4.004e-05,1.087e-05
2.939e-05,5.016e-05,1.136e-05
2.768e-05,2.08e-06,1.186e-05
2.596e-05,7.95e-06,1.235e-05
2.424e-05,3.7e-06,1.285e-05
2.253e-05,3.71e-06,1.334e-05
2.081e-05,1.522e-05,1.383e-05
1.91e-05,2.673e-05,1.433e-05
1.738e-05,3.824e-05,1.482e-05
3.171e-05,4.35e-06,8.18e-06
1.86e-05,3.226e-05,8.12e-06
3.976e-05,2.635e-05,1.933e-05
4.417e-05,1.626e-05,1.929e-05
5.048e-05,1.504e-05,3.274e-05
5.678e-05,1.383e-05,4.62e-05
6.309e-05,1.261e-05,5.966e-05
3.646e-05,4.658e-05,1.416e-05
3.111e-05,5.328e-05,2.318e-05
2.878e-05,2.159e-05,1.902e-05
4.149e-05,3.129e-05,4.248e-05
4.347e-05,2.958e-05,4.498e-05
4.545e-05,2.787e-05,4.748e-05
4.744e-05,2.616e-05,4.999e-05
3.395e-05,2.445e-05,1.193e-05
0.00011596,2.072e-05,1.614e-05
0.00019075,5.547e-05,1.669e-05
0.00091113,3.075e-05,5.215e-05
0.00064437,4.675e-05,3.958e-05
0.0003776,6.275e-05,2.701e-05
0.00011084,7.875e-05,1.444e-05
4.635e-05,5.267e-05,2.109e-05
3.891e-05,8.873e-05,2.033e-05
7.69e-05,4.36e-06,2.001e-05
7.095e-05,0.00015838,3.432e-05
7.656e-05,0.00010821,2.727e-05
8.218e-05,5.805e-05,2.023e-05
8.78e-05,7.89e-06,1.318e-05
6.372e-05,1.445e-05,1.543e-05
7.606e-05,4.12e-06,1.67e-05
2.701e-05,5.528e-05,7.18e-06
0.00013782,1.397e-05,3.517e-05
0.00010618,2.103e-05,2.595e-05
7.454e-05,2.809e-05,1.674e-05
4.289e-05,3.515e-05,7.53e-06
3.794e-05,9.26e-06,1.518e-05
6.075e-05,1.823e-05,1.121e-05
0.00015193,8.9e-06,3.082e-05
0.00014923,1.319e-05,1.66e-05
0.00015247,1.394e-05,1.87e-05
0.0001557,1.47e-05,2.08e-05
0.00015893,1.545e-05,2.289e-05
0.00010114,3.687e-05,1.371e-05
0.00030294,1.433e-05,5.435e-05
9.678e-05,2.304e-05,3.89e-05
6.105e-05,8.2e-06,2.708e-05
8.397e-05,7.94e-06,2.74e-05
0.00010689,7.68e-06,2.772e-05
0.00012982,7.41e-06,2.804e-05
4.149e-05,3.17e-06,1.823e-05
4.555e-05,2.631e-05,8.57e-06
4.944e-05,2.165e-05,1.591e-05
0.00027167,3.635e-05,4.752e-05
0.00019574,3.338e-05,3.664e-05
0.00011981,3.041e-05,2.577e-05
4.388e-05,2.745e-05,1.49e-05
5.116e-05,3.116e-05,1.108e-05
2.445e-05,6.682e-05,9.94e-06
6.433e-05,1.05e-05,1.927e-05
0.00015801,1.516e-05,2.62e-05
0.00015659,1.363e-05,2.827e-05
0.00015516,1.21e-05,3.034e-05
0.00015374,1.056e-05,3.241e-05
0.00015232,1.658e-05,3.447e-05
0.00010138,7e-06,1.873e-05
0.00037978,6.26e-06,4.728e-05
0.00017891,6.2e-06,3.706e-05
0.00016214,6.13e-06,3.62e-05
0.00014536,6.06e-06,3.534e-05
0.00012859,5.99e-06,3.448e-05
3.945e-05,1.997e-05,9.94e-06
0.00010677,3.07e-06,2.256e-05
0.00010646,4.519e-05,3.341e-05
9.73e-05,1.839e-05,1.421e-05
8.489e-05,1.309e-05,1.142e-05
7.248e-05,7.78e-06,8.63e-06
6.008e-05,2.48e-06,5.83e-06
4.708e-05,4e-06,2.516e-05
0.00028787,8.69e-07,1.353e-05
6.764e-05,1.6e-05,2.724e-05
0.00021646,4.88e-06,1.574e-05
0.00019097,4.95e-06,2.378e-05
0.00016548,5.02e-06,3.183e-05
0.00013999,5.08e-06,3.988e-05
1.235e-05,2.8e-06,4.189e-05
1.032e-05,2.76e-06,4.964e-05
1.948e-05,4.73e-06,1.501e-05
2.142e-05,4.61e-06,2.027e-05
2.336e-05,1.303e-05,2.553e-05
2.53e-05,2.145e-05,3.079e-05
2.724e-05,2.987e-05,3.605e-05
2.918e-05,2.6e-06,4.131e-05
3.112e-05,7.78e-06,4.657e-05
1.096e-05,6.21e-06,2.983e-05
1.024e-05,8.49e-06,8.33e-06
1.307e-05,7.44e-06,1.324e-05
1.589e-05,6.4e-06,1.816e-05
1.872e-05,5.35e-06,2.307e-05
1.056e-05,7.42e-06,2.828e-05
1.889e-05,1.52e-06,2.645e-05
3.56e-05,3.678e-05,3.134e-05
9.33e-06,2.664e-05,3.342e-05
1.117e-05,2.796e-05,5.015e-05
1.301e-05,2.928e-05,6.688e-05
1.485e-05,3.06e-05,8.361e-05
4.318e-05,0.00015643,6.617e-05
3.102e-05,0.000143,5.231e-05
0.00010059,0.00027366,0.00012136
1.803e-05,0.00026687,4.334e-05
3.606e-05,0.00018233,4.999e-05
5.409e-05,9.779e-05,5.663e-05
5.183e-05,1.326e-05,3.84e-05
3.554e-05,4.08e-06,4.055e-05
2.13e-05,1.373e-05,4.304e-05
0.00023892,8.44e-06,0.00010786
0.00047783,9.21e-06,8.103e-05
0.00071675,9.98e-06,5.419e-05
0.00032386,0.00038707,6.997e-05
0.00025852,0.00026001,0.00012472
0.00073803,0.00108528,0.00018131
0.00039045,0.00068653,0.00032617
0.00034687,0.00086027,0.00025366
0.00030329,0.00103401,0.00018115
0.0002597,0.00120775,0.00010863
0.00117596,0.00077468,0.00021749
6.873e-05,0.00065666,1.633e-05
0.00022497,0.00089374,7.073e-05
0.00049418,0.00016819,7.373e-05
0.00041833,0.00044967,7.227e-05
0.00034248,0.00073116,7.08e-05
0.00026664,0.00101264,6.934e-05
5.551e-05,0.00084234,4.871e-05
0.00013941,0.00033607,2.751e-05
0.00026661,0.00046432,3.86e-05
0.00010943,0.00029796,4.644e-05
0.00019927,0.00025499,4.336e-05
0.00028911,0.00021201,4.028e-05
0.00037896,0.00016904,3.72e-05
0.00023601,0.00058386,2.754e-05
4.043e-05,8.682e-05,4.902e-05
3.634e-05,0.00012739,4.577e-05
3.225e-05,7.027e-05,4.252e-05
2.816e-05,9.76e-05,3.927e-05
2.407e-05,0.00012493,3.602e-05
1.998e-05,0.00015227,3.277e-05
0.00022912,0.00021014,3.007e-05
0.00012494,0.00013559,3.802e-05
8.198e-05,0.00012963,3.563e-05
0.00017302,0.00012367,2.813e-05
0.00026405,0.00011771,2.063e-05
0.00035509,0.00011176,1.313e-05
0.00020863,3.414e-05,6.97e-06
0.00016442,7.386e-05,1.404e-05
0.00067332,9.815e-05,9.35e-06
0.00090688,6.895e-05,1.825e-05
0.00063302,0.00013767,1.57e-05
0.00035916,0.00020639,1.314e-05
8.53e-05,0.00027511,1.059e-05
0.00013887,4.665e-05,7.94e-06
0.00041684,9.958e-05,2.031e-05
0.00060627,0.00019737,1.514e-05
0.00064235,0.00014196,1.811e-05
0.00067844,8.654e-05,2.108e-05
0.00071453,3.113e-05,2.404e-05
0.00045615,1.853e-05,1.703e-05
0.00060634,9.703e-05,0.00011359
0.00049261,2.245e-05,1.066e-05
0.00070468,0.00010045,4.023e-05
0.00060891,8.764e-05,3.044e-05
0.00051314,7.482e-05,2.066e-05
0.00041737,6.2e-05,1.087e-05
1.95e-05,4.717e-05,2.024e-05
7.741e-05,0.00026625,1.552e-05
5.632e-05,6.706e-05,1.289e-05
3.951e-05,0.00014482,1.859e-05
7.969e-05,0.00011313,1.946e-05
0.00011986,8.144e-05,2.032e-05
0.00016004,4.975e-05,2.118e-05
4.887e-05,1.548e-05,7.05e-06
0.00014437,4.122e-05,1.523e-05
7.632e-05,0.00015174,1.565e-05
4.932e-05,8.902e-05,1.857e-05
0.00016094,7.839e-05,1.503e-05
0.00027256,6.776e-05,1.149e-05
0.00038418,5.713e-05,7.95e-06
3.782e-05,1.134e-05,1.328e-05
2.433e-05,3.152e-05,1.844e-05
0.00031672,2.148e-05,5.252e-05
0.00013229,5.145e-05,1.806e-05
9.772e-05,4.048e-05,1.351e-05
6.315e-05,2.951e-05,8.96e-06
2.858e-05,1.854e-05,4.41e-06
3.762e-05,1.569e-05,1.053e-05
3.514e-05,5.776e-05,2.846e-05
1.057e-05,1.944e-05,1.03e-05
0.00027074,5.171e-05,1.284e-05
0.00021478,4.562e-05,1.267e-05
0.00015882,3.953e-05,1.251e-05
0.00010286,3.343e-05,1.235e-05
8.331e-05,1.155e-05,7.56e-06
2.951e-05,5.578e-05,5.56e-06
4.167e-05,2.589e-05,8.72e-06
9.19e-05,1.47e-05,2.576e-05
8.269e-05,1.281e-05,2.048e-05
7.347e-05,1.092e-05,1.519e-05
6.425e-05,9.03e-06,9.91e-06
0.00010382,8.3e-05,2.377e-05
3.42e-05,0.00011524,5.38e-06
3.429e-05,0.00014155,9.55e-06
3.107e-05,6.128e-05,6.93e-06
2.747e-05,9.867e-05,8.13e-06
2.388e-05,0.00013606,9.33e-06
2.028e-05,0.00017344,1.052e-05
1.583e-05,0.00021083,1.001e-05
5.562e-05,5.336e-05,1.254e-05
3.828e-05,2.718e-05,1.116e-05
1.342e-05,7.813e-05,4.91e-06
3.28e-05,5.792e-05,1.324e-05
5.218e-05,3.771e-05,2.156e-05
7.155e-05,1.75e-05,2.988e-05
7.126e-05,1.895e-05,1.426e-05
2.27e-05,2.124e-05,7.88e-06
0.00030016,9.752e-05,1.089e-05
3.603e-05,5.017e-05,1.149e-05
3.484e-05,6.292e-05,1.108e-05
3.366e-05,7.567e-05,1.067e-05
3.247e-05,8.841e-05,1.026e-05
9.86e-05,4.119e-05,5.86e-06
1.885e-05,4.02e-06,2.101e-05
6.094e-05,1.341e-05,7.24e-05
1.591e-05,2.526e-05,7.916e-05
1.886e-05,2.383e-05,9.333e-05
2.182e-05,2.241e-05,0.00010749
2.477e-05,2.099e-05,0.00012165
2.076e-05,1.11e-05,0.00016023
0.00010076,1.977e-05,0.00037673
9.381e-05,3.978e-05,0.00036176
8.686e-05,3.006e-05,0.00034678
7.991e-05,3.02e-05,0.0003318
7.296e-05,3.034e-05,0.00031682
6.601e-05,3.048e-05,0.00030184
5.906e-05,6.966e-05,0.00028687
5.211e-05,4.192e-05,0.00027189
4.516e-05,2.232e-05,0.00025691
3.821e-05,1.257e-05,0.00024193
3.5e-05,1.551e-05,0.00016387
3.179e-05,1.844e-05,8.58e-05
2.859e-05,2.138e-05,7.74e-06
2.649e-05,5.28e-06,6.8e-05
5.641e-05,1.802e-05,5.942e-05
3.897e-05,1.264e-05,6.492e-05
2.626e-05,3.857e-05,0.00012888
3.814e-05,3.553e-05,0.0001636
5.001e-05,3.249e-05,0.00019831
6.188e-05,2.945e-05,0.00023303
3.508e-05,6.41e-06,9.428e-05
3.563e-05,1.81e-05,3.239e-05
2.739e-05,7.43e-06,2.406e-05
2.594e-05,2.35e-05,3.754e-05
2.055e-05,2.931e-05,4.082e-05
1.516e-05,3.512e-05,4.41e-05
9.76e-06,4.093e-05,4.738e-05
6.084e-05,1.431e-05,7.662e-05
1.776e-05,1.146e-05,6.175e-05
3.296e-05,2.851e-05,0.00027539
7.047e-05,6.68e-05,9.423e-05
4.978e-05,5.173e-05,9.015e-05
2.908e-05,3.666e-05,8.607e-05
8.39e-06,2.158e-05,8.2e-05
3.591e-05,1.767e-05,4.858e-05
2.134e-05,3.72e-06,0.00010213
4.778e-05,1.574e-05,0.0001131
8.98e-06,8.44e-06,4.88e-05
9.81e-06,6.68e-06,4.37e-05
1.064e-05,4.91e-06,3.86e-05
1.147e-05,3.15e-06,3.35e-05
1.609e-05,1.457e-05,3.019e-05
0.00013904,8.82e-06,2.475e-05
2.308e-05,2.72e-06,7.952e-05
8.89e-06,7.91e-06,4.311e-05
9.95e-06,7.46e-06,3.939e-05
1.102e-05,7.01e-06,3.567e-05
1.209e-05,6.57e-06,3.195e-05
2.385e-05,8.77e-06,4.032e-05
8.44e-06,9.22e-06,2.618e-05
1.239e-05,2.117e-05,5.017e-05
4.37e-06,9.94e-06,1.843e-05
8.38e-06,9.01e-06,1.826e-05
1.239e-05,8.08e-06,1.809e-05
1.639e-05,7.16e-06,1.791e-05
3.935e-05,1.035e-05,4.214e-05
2.716e-05,8.65e-06,3.815e-05
3.231e-05,6.22e-06,6.483e-05
1.957e-05,3.79e-06,5.822e-05
3.228e-05,5.29e-06,6.886e-05
4.499e-05,6.79e-06,7.95e-05
5.77e-05,8.29e-06,9.014e-05
2.495e-05,2.026e-05,0.0001129
1.161e-05,6.77e-06,1.911e-05
6.638e-05,0.00013203,7.112e-05
0.00011273,7.692e-05,3.427e-05
8.661e-05,5.844e-05,2.837e-05
6.048e-05,3.997e-05,2.247e-05
3.435e-05,2.149e-05,1.658e-05
3.341e-05,1.323e-05,9.99e-06
8.64e-05,2.401e-05,1.778e-05
6.955e-05,5.875e-05,2.879e-05
2.452e-05,6.933e-05,2.49e-05
1.876e-05,5.053e-05,2.629e-05
1.299e-05,3.173e-05,2.769e-05
7.23e-06,1.293e-05,2.909e-05
6.618e-05,0.00010287,2.948e-05
0.00018558,3.686e-05,4.481e-05
4.535e-05,4.972e-05,2.218e-05
0.00013669,6.844e-05,3.416e-05
0.00010821,5.465e-05,3.322e-05
7.974e-05,4.085e-05,3.228e-05
5.126e-05,2.706e-05,3.134e-05
8.137e-05,1.673e-05,2.323e-05
3.681e-05,2.586e-05,1.38e-05
1.769e-05,0.00016504,3.623e-05
0.00010438,0.00013287,3.585e-05
7.732e-05,0.0001007,3.116e-05
5.027e-05,6.854e-05,2.646e-05
2.321e-05,3.637e-05,2.177e-05
9.782e-05,0.00019508,5.785e-05
4.833e-05,7.409e-05,4.327e-05
7.85e-05,2.267e-05,7.705e-05
0.00015701,1.788e-05,7.388e-05
0.00023551,1.31e-05,7.072e-05
0.00031401,8.31e-06,6.755e-05
0.00011177,2.401e-05,1.413e-05
0.00015965,1.186e-05,7.488e-05
6.785e-05,6.03e-06,6.301e-05
0.00022887,3.252e-05,8.719e-05
0.0001629,2.627e-05,6.944e-05
9.693e-05,2.002e-05,5.17e-05
3.096e-05,1.376e-05,3.396e-05
7.854e-05,3.36e-06,3.809e-05
6.786e-05,6.54e-06,1.817e-05
3.315e-05,5.05e-06,1.638e-05
6.251e-05,6.835e-05,3.324e-05
6.241e-05,5.444e-05,3.514e-05
6.23e-05,4.054e-05,3.704e-05
6.219e-05,2.663e-05,3.894e-05
6.125e-05,1.272e-05,4.302e-05
1.711e-05,8.309e-05,2.813e-05
3.812e-05,2.279e-05,4.043e-05
6.63e-05,0.00010956,6.241e-05
6.402e-05,0.0001,4.905e-05
6.174e-05,9.044e-05,3.569e-05
5.947e-05,8.089e-05,2.233e-05
5.807e-05,1.981e-05,1.608e-05
9.334e-05,4.258e-05,3.69e-05
4.838e-05,4.73e-06,4.37e-05
0.00010693,2.541e-05,6.032e-05
7.873e-05,2.716e-05,4.735e-05
5.053e-05,2.89e-05,3.438e-05
2.232e-05,3.064e-05,2.141e-05
2.335e-05,1.683e-05,5.068e-05
0.00020026,3.75e-05,2.142e-05
4.093e-05,2.172e-05,2.458e-05
3.943e-05,3.57e-06,6.93e-06
3.698e-05,3.47e-06,1.406e-05
3.452e-05,3.36e-06,2.118e-05
3.206e-05,3.26e-06,2.83e-05
2.732e-05,3.88e-06,9.74e-06
2.734e-05,5.28e-06,1.197e-05
2.921e-05,4.68e-06,1.283e-05
3.109e-05,3.74e-06,1.369e-05
3.297e-05,6.44e-06,1.456e-05
3.484e-05,9.14e-06,1.542e-05
3.672e-05,1.184e-05,1.628e-05
3.86e-05,1.454e-05,1.715e-05
4.047e-05,9.34e-06,1.801e-05
4.235e-05,1.21e-05,1.887e-05
0.00012556,9.58e-06,2.371e-05
9.072e-05,8.91e-06,1.694e-05
5.589e-05,8.24e-06,1.017e-05
2.105e-05,7.57e-06,3.4e-06
6.76e-05,4.27e-06,2.392e-05
5.273e-05,5.64e-05,2.417e-05
6.134e-05,1.104e-05,3.049e-05
2.637e-05,3.908e-05,1.188e-05
2.467e-05,2.857e-05,2.13e-05
2.297e-05,1.805e-05,3.072e-05
2.128e-05,7.54e-06,4.014e-05
3.423e-05,1.485e-05,1.045e-05
1.517e-05,9.9e-06,3.341e-05
4.517e-05,1.552e-05,5.5e-06
3.731e-05,4.82e-06,1.029e-05
3.873e-05,4.89e-06,1.218e-05
4.015e-05,4.96e-06,1.407e-05
4.158e-05,5.04e-06,1.596e-05
1.836e-05,1.15e-05,1.713e-05
2.358e-05,2.2e-06,9.48e-06
7.52e-05,8.35e-06,7.89e-06
3.169e-05,1.391e-05,5.78e-06
4.417e-05,1.126e-05,2.08e-05
5.665e-05,8.61e-06,3.583e-05
6.913e-05,5.97e-06,5.085e-05
2.926e-05,3.25e-06,5.36e-06
3.64e-05,1.335e-05,7.55e-06
1.36e-05,2.878e-05,1.034e-05
2.206e-05,1.219e-05,6.8e-06
3.378e-05,2.25e-05,7.68e-06
4.55e-05,3.28e-05,8.57e-06
5.722e-05,4.31e-05,9.45e-06
0.00016464,1.557e-05,1.181e-05
4.776e-05,3.1e-06,2.655e-05
0.00036309,6.446e-05,1.374e-05
2.698e-05,7.84e-06,6.98e-06
4.697e-05,8.57e-06,1.004e-05
6.696e-05,9.3e-06,1.31e-05
8.695e-05,1.003e-05,1.617e-05
2.699e-05,8.33e-06,5.22e-06
2.4e-05,1.543e-05,1.3e-05
0.00012084,5.325e-05,5.95e-06
4.627e-05,4.562e-05,4.52e-06
4.191e-05,3.799e-05,6.14e-06
3.754e-05,3.036e-05,7.76e-06
3.317e-05,2.273e-05,9.39e-06
2.88e-05,1.62e-05,1.101e-05
2.568e-05,1.995e-05,7.91e-06
4.345e-05,2.481e-05,9.46e-06
1.996e-05,4.044e-05,8.05e-06
2.466e-05,4.536e-05,1.067e-05
2.936e-05,5.027e-05,1.329e-05
3.407e-05,5.518e-05,1.591e-05
6.636e-05,6.894e-05,1.105e-05
5.975e-05,3.538e-05,3.243e-05
2.033e-05,1.702e-05,9.14e-06
3.251e-05,7.73e-06,1.083e-05
2.804e-05,5.75e-06,8.94e-06
2.357e-05,3.76e-06,7.06e-06
1.91e-05,1.78e-06,5.18e-06
1.07e-05,3.59e-06,2.19e-05
3.774e-05,1.146e-05,1.239e-05
2.335e-05,1.161e-05,8.9e-06
1.939e-05,9.229e-05,1.309e-05
4.36e-05,6.254e-05,1.093e-05
6.781e-05,3.28e-05,8.77e-06
9.202e-05,3.06e-06,6.61e-06
2.686e-05,7.15e-06,5.76e-06
4.373e-05,4.568e-05,4.39e-06
4.271e-05,4.44e-06,1.642e-05
2.885e-05,1.116e-05,2.859e-05
2.95e-05,1.117e-05,2.496e-05
3.015e-05,1.118e-05,2.132e-05
3.08e-05,1.119e-05,1.769e-05
3.145e-05,2.261e-05,1.405e-05
3.21e-05,3.19e-05,1.042e-05
3.276e-05,1.649e-05,6.78e-06
2.587e-05,6.02e-06,6.89e-06
2.683e-05,1.051e-05,1.867e-05
2.779e-05,1.5e-05,3.045e-05
2.875e-05,1.949e-05,4.223e-05
3.407e-05,1.981e-05,2.325e-05
3.659e-05,1.519e-05,8.014e-05
5.322e-05,1.102e-05,4.347e-05
2.435e-05,7.37e-06,1.284e-05
4.063e-05,7.17e-06,3.588e-05
5.691e-05,6.97e-06,5.892e-05
7.319e-05,6.77e-06,8.195e-05
0.00015965,7.86e-05,3.779e-05
6.409e-05,2.13e-05,0.00014255
7.601e-05,6.557e-05,5.423e-05
0.00037287,0.00011544,6.399e-05
0.00025633,8.076e-05,5.125e-05
0.0001398,4.607e-05,3.85e-05
2.326e-05,1.139e-05,2.576e-05
4.846e-05,2.42e-06,6.105e-05
4.839e-05,9e-06,3.665e-05
4.038e-05,6.68e-06,3.035e-05
3.583e-05,3.95e-06,1.223e-05
7.198e-05,5.77e-06,1.796e-05
0.00010813,7.59e-06,2.369e-05
0.00014428,9.41e-06,2.941e-05
0.00022532,1.123e-05,6.463e-05
5.814e-05,2.597e-05,2.882e-05
4.35e-05,9.07e-06,4.278e-05
7.665e-05,1.007e-05,5.135e-05
5.839e-05,9.53e-06,4.95e-05
4.013e-05,8.98e-06,4.765e-05
2.187e-05,8.43e-06,4.58e-05
4.51e-05,1.078e-05,3.873e-05
8.043e-05,1.542e-05,2.46e-05
0.00024951,2.374e-05,3.87e-05
0.00030778,4.157e-05,4.965e-05
0.00024519,4.077e-05,4.261e-05
0.00018261,3.997e-05,3.558e-05
0.00012002,3.917e-05,2.855e-05
5.743e-05,3.02e-06,2.151e-05
4.035e-05,1.693e-05,4.367e-05
6.115e-05,3.596e-05,5.726e-05
0.00010512,3.439e-05,3.445e-05
8.667e-05,2.956e-05,2.88e-05
6.823e-05,2.472e-05,2.315e-05
4.979e-05,1.989e-05,1.75e-05
0.00013942,2.002e-05,3.28e-05
3.785e-05,6.542e-05,1.128e-05
3.734e-05,1.548e-05,1.817e-05
2.617e-05,3.91e-06,1.323e-05
3.53e-05,6.177e-05,3.159e-05
4.443e-05,0.00011963,4.995e-05
5.355e-05,0.00017749,6.831e-05
5.032e-05,0.00011406,6.033e-05
4.318e-05,8.304e-05,0.00010482
0.00010709,8.13e-06,0.00023459
2.758e-05,2.29e-06,1.524e-05
7.702e-05,3.16e-06,1.995e-05
0.00012647,4.02e-06,2.466e-05
0.00017591,4.89e-06,2.937e-05
1.781e-05,5.75e-06,2.683e-05
8.55e-06,1.79e-06,1.377e-05
1.941e-05,1.457e-05,2.213e-05
2.887e-05,3.03e-06,2.073e-05
2.379e-05,3.67e-06,1.636e-05
1.872e-05,4.32e-06,1.198e-05
1.364e-05,4.96e-06,7.61e-06
2.405e-05,2.434e-05,1.679e-05
2.143e-05,1.482e-05,1.718e-05
2.805e-05,2.04e-06,1.431e-05
4.874e-05,5.702e-05,1.795e-05
4.453e-05,3.845e-05,1.838e-05
4.031e-05,1.988e-05,1.881e-05
3.61e-05,1.31e-06,1.923e-05
7.674e-05,2.18e-06,3.82e-05
2.441e-05,1.037e-05,2.373e-05
1.119e-05,6.47e-06,1.107e-05
1.332e-05,1.37e-05,1.497e-05
3.471e-05,1.301e-05,2.026e-05
5.61e-05,1.232e-05,2.554e-05
7.75e-05,1.164e-05,3.083e-05
5.103e-05,4.47e-06,2.749e-05
4.502e-05,3.26e-06,1.705e-05
4.928e-05,5.22e-06,1.295e-05
3.469e-05,3.48e-06,1.372e-05
4.498e-05,3.04e-06,1.842e-05
5.526e-05,2.61e-06,2.313e-05
6.555e-05,2.18e-06,2.783e-05
2.674e-05,1.502e-05,2.331e-05
3.88e-05,4.329e-05,2.537e-05
7.269e-05,4.179e-05,3.316e-05
6.529e-05,3.763e-05,1.699e-05
6.292e-05,2.61e-05,1.622e-05
6.056e-05,1.458e-05,1.545e-05
5.82e-05,3.05e-06,1.468e-05
3.822e-05,2.099e-05,1.625e-05
4.423e-05,1.34e-05,1.18e-05
3.248e-05,5.535e-05,2.419e-05
5.783e-05,6.36e-06,2.692e-05
4.542e-05,9.93e-06,2.36e-05
3.301e-05,1.351e-05,2.029e-05
2.059e-05,1.708e-05,1.697e-05
2.193e-05,1.71e-06,2.8e-06
1.37e-05,1.029e-05,1.8e-05
4.074e-05,5.77e-06,1.127e-05
8.794e-05,6.59e-06,3.026e-05
6.308e-05,5.15e-06,2.435e-05
3.823e-05,3.72e-06,1.844e-05
1.337e-05,2.29e-06,1.253e-05
3.18e-05,6.83e-06,3.129e-05
2.16e-05,3.032e-05,3.768e-05
2.681e-05,1.199e-05,2.313e-05
9.99e-06,1.614e-05,1.684e-05
1.539e-05,1.213e-05,1.749e-05
2.079e-05,8.13e-06,1.813e-05
2.62e-05,4.12e-06,1.877e-05
9.502e-05,1.43e-05,3.882e-05
9.978e-05,8.23e-06,3.235e-05
2.483e-05,2.09e-06,2.096e-05
3.196e-05,2.92e-06,2.375e-05
2.779e-05,3.33e-06,2.535e-05
2.362e-05,3.73e-06,2.695e-05
1.946e-05,4.14e-06,2.855e-05
7.092e-05,4.54e-06,1.763e-05
1.193e-05,4.545e-05,1.005e-05
2.076e-05,2.24e-05,1.727e-05
2.359e-05,2.008e-05,1.651e-05
2.56e-05,1.532e-05,1.398e-05
2.76e-05,1.056e-05,1.145e-05
2.961e-05,5.8e-06,8.92e-06
6.601e-05,7.85e-06,1.452e-05
2.772e-05,1.93e-06,1.607e-05
4.59e-05,4.22e-06,2.501e-05
1.53e-05,3.64e-06,1.199e-05
1.484e-05,3.1e-06,1.511e-05
1.439e-05,2.57e-06,1.824e-05
1.393e-05,2.03e-06,2.136e-05
1.347e-05,4.57e-06,2.448e-05
1.302e-05,2.09e-06,2.76e-05
6.884e-05,9.36e-06,1.703e-05
2.664e-05,1.77e-06,4.234e-05
2.489e-05,1.69e-06,3.296e-05
2.315e-05,1.61e-06,2.358e-05
2.14e-05,1.52e-06,1.42e-05
2.188e-05,3.04e-06,4.401e-05
7.006e-05,1.052e-05,3.147e-05
1.097e-05,4.33e-06,1.528e-05
1.181e-05,2.12e-06,1.719e-05
1.266e-05,1.82e-06,1.91e-05
1.35e-05,1.51e-06,2.101e-05
1.434e-05,1.21e-06,2.292e-05
1.519e-05,5.94e-06,2.483e-05
1.603e-05,8.28e-06,2.675e-05
1.688e-05,1.034e-05,2.866e-05
1.772e-05,1.702e-05,3.057e-05
2.321e-05,2.483e-05,2.593e-05
2.871e-05,3.264e-05,2.128e-05
3.42e-05,4.044e-05,1.664e-05
7.785e-05,6.57e-07,1.767e-05
4.015e-05,1.005e-05,2.457e-05
1.292e-05,3.04e-06,2.476e-05
5.223e-05,8.78e-06,1.09e-05
5.38e-05,6.51e-06,1.254e-05
5.536e-05,4.24e-06,1.417e-05
5.692e-05,1.97e-06,1.58e-05
2.109e-05,2.71e-06,7.32e-06
3.624e-05,1.597e-05,2.542e-05
5.613e-05,1.051e-05,0.0001084
4.635e-05,3.74e-06,0.00010476
4.447e-05,4.7e-06,0.00013871
4.26e-05,5.66e-06,0.00017266
4.073e-05,6.63e-06,0.00020661
7.08e-06,1.538e-05,2.461e-05
5.35e-05,9.27e-06,3.595e-05
4.46e-06,2.176e-05,1.159e-05
1.755e-05,9.47e-07,2.903e-05
2.978e-05,1.86e-06,2.203e-05
4.2e-05,2.77e-06,1.502e-05
5.423e-05,3.67e-06,8.01e-06
3.295e-05,3.52e-06,2.644e-05
1.264e-05,1.61e-06,2.465e-05
1.565e-05,1.82e-06,2.02e-05
2.029e-05,6.33e-06,1.85e-05
2.338e-05,9.87e-06,1.865e-05
2.647e-05,1.342e-05,1.879e-05
2.957e-05,1.697e-05,1.893e-05
6.683e-05,1.632e-05,2.193e-05
1.422e-05,3.254e-05,2.33e-05
4.349e-05,7.5e-06,6.763e-05
1.808e-05,5.48e-06,2.501e-05
2.512e-05,4.5e-06,2.834e-05
3.216e-05,3.52e-06,3.168e-05
3.92e-05,2.54e-06,3.501e-05
4.025e-05,2.14e-06,3.057e-05
3.707e-05,8.88e-07,5.624e-05
3.056e-05,1.015e-05,1.342e-05
3.922e-05,2.07e-06,1.13e-05
3.539e-05,5.51e-06,1.098e-05
3.156e-05,8.95e-06,1.066e-05
2.773e-05,1.238e-05,1.034e-05
1.92e-05,1.51e-06,2.4e-05
1.786e-05,3.55e-06,1.648e-05
3.364e-05,4.59e-06,2.242e-05
3.402e-05,5.63e-06,4.366e-05
2.517e-05,4.25e-06,3.757e-05
1.632e-05,2.87e-06,3.148e-05
7.47e-06,1.49e-06,2.539e-05
1.231e-05,3.2e-06,1.341e-05
5.159e-05,7.38e-06,2.535e-05
1.555e-05,3.27e-06,1.585e-05
6.056e-05,1.439e-05,2.416e-05
4.683e-05,1.91e-05,5.019e-05
3.311e-05,2.38e-05,7.622e-05
1.938e-05,2.851e-05,0.00010224
1.974e-05,1.945e-05,5.707e-05
1.724e-05,1.035e-05,2.028e-05
2.019e-05,1.516e-05,8.389e-05
1.906e-05,2.069e-05,2.241e-05
3.477e-05,1.488e-05,3.669e-05
5.048e-05,9.06e-06,5.097e-05
6.619e-05,3.24e-06,6.524e-05
3.497e-05,3.134e-05,5.227e-05
8.02e-06,3.474e-05,5.59e-06
2.955e-05,2.139e-05,1.583e-05
3.262e-05,4.31e-06,2.242e-05
3.853e-05,5.19e-06,2.457e-05
4.443e-05,6.08e-06,2.672e-05
5.033e-05,6.96e-06,2.887e-05
3.784e-05,8.84e-06,0.00013014
1.96e-05,3.829e-05,1.583e-05
5.373e-05,2.228e-05,5.908e-05
1.361e-05,1.781e-05,5.362e-05
2.03e-05,1.334e-05,4.049e-05
2.7e-05,8.88e-06,2.736e-05
3.369e-05,4.41e-06,1.423e-05
2.653e-05,5.167e-05,1.708e-05
1.341e-05,5.34e-06,8.13e-06
1.763e-05,1.277e-05,2.248e-05
1.761e-05,1.203e-05,9.8e-06
1.687e-05,2.029e-05,1.228e-05
1.613e-05,2.855e-05,1.476e-05
1.54e-05,3.68e-05,1.724e-05
1.466e-05,2.695e-05,1.972e-05
5.067e-05,1.966e-05,2.162e-05
1.763e-05,3.774e-05,4.51e-06
2.156e-05,3.111e-05,1.985e-05
1.661e-05,3.281e-05,2.027e-05
1.166e-05,3.451e-05,2.068e-05
6.71e-06,3.621e-05,2.11e-05
3.001e-05,2.885e-05,6e-06
8.92e-06,3.404e-05,1.162e-05
8.754e-05,8.737e-05,1.257e-05
1.964e-05,0.00023194,2.193e-05
2.626e-05,0.00020304,2.46e-05
3.287e-05,0.00017414,2.728e-05
3.948e-05,0.00014523,2.995e-05
1.858e-05,0.00011633,1.25e-05
2.507e-05,0.00024332,5.911e-05
1.322e-05,0.00014822,2.982e-05
2.951e-05,0.0001414,6.607e-05
4.659e-05,0.00010633,7.823e-05
6.366e-05,7.126e-05,9.038e-05
8.074e-05,3.619e-05,0.00010253
3.875e-05,2.337e-05,1.791e-05
2.042e-05,1.609e-05,3.003e-05
1.469e-05,2.709e-05,2.286e-05
1.646e-05,3.611e-05,1.895e-05
1.808e-05,3.103e-05,2.069e-05
1.97e-05,2.596e-05,2.244e-05
2.132e-05,2.088e-05,2.419e-05
2.294e-05,6.934e-05,2.593e-05
2.456e-05,8.043e-05,2.768e-05
2.617e-05,3.182e-05,2.942e-05
2.779e-05,0.00014544,3.117e-05
2.941e-05,0.00017398,3.292e-05
3.103e-05,0.00020252,3.466e-05
3.265e-05,0.00023106,3.641e-05
6.779e-05,4.313e-05,2.73e-05
3.76e-05,0.00011797,4.238e-05
2.303e-05,7.689e-05,2.175e-05
1.362e-05,4.908e-05,1.245e-05
2.62e-05,5.609e-05,1.237e-05
3.878e-05,6.309e-05,1.229e-05
5.135e-05,7.01e-05,1.221e-05
1.657e-05,7.31e-05,3.203e-05
3.079e-05,1.863e-05,3.002e-05
2.206e-05,2.592e-05,4.006e-05
2.009e-05,7.974e-05,2.311e-05
4.349e-05,6.569e-05,5.026e-05
6.688e-05,5.165e-05,7.741e-05
9.028e-05,3.761e-05,0.00010457
2.758e-05,2.356e-05,8.688e-05
6.243e-05,3.541e-05,2.511e-05
2.234e-05,4.996e-05,3.791e-05
2.831e-05,1.94e-05,6.714e-05
4.351e-05,2.575e-05,6.576e-05
5.871e-05,3.209e-05,6.438e-05
7.391e-05,3.844e-05,6.3e-05
1.661e-05,8.186e-05,3.395e-05
2.044e-05,5.11e-05,1.778e-05
5.177e-05,6.043e-05,6.393e-05
8.284e-05,2.937e-05,3.364e-05
7.59e-05,3.376e-05,2.809e-05
6.896e-05,3.816e-05,2.254e-05
6.202e-05,4.255e-05,1.7e-05
3.252e-05,2.202e-05,2.062e-05
2.307e-05,9.679e-05,1.866e-05
6.44e-05,2.682e-05,3.134e-05
1.74e-05,2.094e-05,2.579e-05
1.886e-05,2.398e-05,2.317e-05
2.031e-05,2.702e-05,2.054e-05
2.176e-05,3.006e-05,1.791e-05
7.568e-05,0.00021915,4.098e-05
3.436e-05,1.275e-05,3.547e-05
6.547e-05,9.67e-06,3.298e-05
3.012e-05,2.143e-05,1.339e-05
3.586e-05,1.516e-05,2.02e-05
4.16e-05,8.88e-06,2.702e-05
4.733e-05,2.61e-06,3.383e-05
5.36e-05,2.383e-05,1.051e-05
1.266e-05,3.021e-05,2.245e-05
7.825e-05,3.833e-05,1.535e-05
1.084e-05,2.515e-05,1.493e-05
1.084e-05,5.54e-05,2.073e-05
1.085e-05,8.566e-05,2.653e-05
1.085e-05,0.00011592,3.233e-05
1.366e-05,3.236e-05,2.711e-05
3.017e-05,6.584e-05,1.781e-05
8.723e-05,4.502e-05,3.261e-05
8.816e-05,4.521e-05,1.181e-05
7.721e-05,3.38e-05,1.157e-05
6.626e-05,2.24e-05,1.133e-05
5.53e-05,1.1e-05,1.109e-05
4.435e-05,0.00015668,1.085e-05
3.34e-05,0.00012485,1.061e-05
2.458e-05,5.964e-05,1.948e-05
4.96e-05,4.002e-05,1.615e-05
5.106e-05,3.752e-05,1.47e-05
5.251e-05,3.501e-05,1.325e-05
5.397e-05,3.251e-05,1.181e-05
5.477e-05,1.866e-05,3.987e-05
3.137e-05,3.002e-05,1.025e-05
8.093e-05,1.438e-05,2.384e-05
2.274e-05,2.424e-05,1.756e-05
2.274e-05,3.409e-05,1.807e-05
2.274e-05,4.394e-05,1.859e-05
2.275e-05,5.379e-05,1.911e-05
4.522e-05,3.95e-05,2.291e-05
3.197e-05,3.144e-05,7.08e-06
1.804e-05,3.153e-05,5.12e-06
3.787e-05,6.41e-06,1.091e-05
2.911e-05,1.681e-05,1.049e-05
2.036e-05,2.721e-05,1.007e-05
1.161e-05,3.762e-05,9.65e-06
1.112e-05,3.761e-05,6.34e-06
0.00015293,4.627e-05,1.223e-05
7.218e-05,5.313e-05,1.661e-05
5.73e-05,4.023e-05,3.627e-05
6.297e-05,3.707e-05,3.3e-05
6.863e-05,3.39e-05,2.972e-05
7.429e-05,3.074e-05,2.644e-05
7.995e-05,5.862e-05,2.317e-05
8.561e-05,6.661e-05,1.989e-05
9.127e-05,9.083e-05,1.661e-05
6.71e-05,7.69e-05,1.759e-05
5.115e-05,5.803e-05,1.934e-05
3.519e-05,3.916e-05,2.109e-05
1.924e-05,2.029e-05,2.284e-05
4.9e-05,1.999e-05,2.684e-05
1.717e-05,3.252e-05,3.885e-05
9.95e-06,5.498e-05,1.633e-05
1.193e-05,3.986e-05,8.72e-06
1.433e-05,4.785e-05,1.375e-05
1.673e-05,5.584e-05,1.878e-05
1.913e-05,6.383e-05,2.381e-05
1.863e-05,8.128e-05,6.78e-06
4.799e-05,0.00012135,1.487e-05
2.491e-05,5.95e-05,2.82e-05
1.766e-05,6.986e-05,4.11e-06
5.038e-05,5.886e-05,3.327e-05
8.31e-05,4.786e-05,6.244e-05
0.00011582,3.687e-05,9.16e-05
9.036e-05,4.505e-05,2.284e-05
1.405e-05,2.736e-05,4.056e-05
5.583e-05,1.595e-05,1.279e-05
1.362e-05,8.79e-06,2.56e-05
1.452e-05,2.797e-05,2.288e-05
1.542e-05,4.715e-05,2.015e-05
1.632e-05,6.632e-05,1.742e-05
2.078e-05,8.55e-05,7.7e-06
1.02e-07,3.567e-05,7.485e-05
0.00031322,5.068e-05,6.24e-05
0.00025061,5.515e-05,6.601e-05
0.000188,5.844e-05,6.963e-05
0.00012539,6.172e-05,7.325e-05
6.278e-05,6.5e-05,7.687e-05
0.00024842,9.365e-05,0.00029105
0.000194,1.602e-05,0.00017927
5.955e-05,1.361e-05,7.371e-05
4.329e-05,5.844e-05,3.488e-05
2.886e-05,5.539e-05,2.672e-05
1.443e-05,5.233e-05,1.856e-05
7.336e-05,1.243e-05,3.957e-05
4.93e-05,2.572e-05,2.429e-05
6.444e-05,2.645e-05,2.189e-05
0.00024933,2.575e-05,2.92e-05
0.00019204,2.447e-05,3.212e-05
0.00013475,2.319e-05,3.503e-05
7.746e-05,2.19e-05,3.794e-05
0.0001278,2.062e-05,4.437e-05
0.00011277,2.005e-05,4.896e-05
5.221e-05,1.27e-05,1.003e-05
7.163e-05,1.303e-05,1.472e-05
9.106e-05,1.336e-05,1.94e-05
0.00011049,1.369e-05,2.409e-05
0.0003278,5.867e-05,2.87e-05
0.00027395,0.00018749,0.00012854
0.0001328,3.083e-05,0.0002132
0.00013407,2.893e-05,0.00014681
0.00013535,2.703e-05,8.043e-05
0.00013662,2.513e-05,1.405e-05
5.479e-05,2.323e-05,8.13e-05
1.833e-05,2.325e-05,4.42e-05
4.943e-05,3.15e-05,3.171e-05
5.966e-05,1.545e-05,2.262e-05
5.789e-05,2.248e-05,2.674e-05
5.612e-05,2.951e-05,3.086e-05
5.436e-05,3.654e-05,3.497e-05
0.00010285,2.79e-05,3.924e-05
7.708e-05,9.73e-06,2.728e-05
5.19e-05,3.393e-05,5.048e-05
3.866e-05,4.567e-05,0.00010381
5.564e-05,4.676e-05,8.501e-05
7.263e-05,4.785e-05,6.621e-05
8.961e-05,4.895e-05,4.742e-05
5.373e-05,9.51e-05,0.00019783
5.626e-05,5.638e-05,0.00015459
6.227e-05,0.00013061,9.106e-05
8.654e-05,4.969e-05,6.899e-05
7.895e-05,5.597e-05,5.854e-05
7.136e-05,6.225e-05,4.81e-05
6.377e-05,6.853e-05,3.765e-05
2.263e-05,6.45e-06,1.533e-05
7.533e-05,2.952e-05,5.181e-05
5.3e-05,3.961e-05,4.425e-05
0.00010521,2.939e-05,3.791e-05
8.409e-05,2.621e-05,3.541e-05
6.297e-05,2.303e-05,3.291e-05
4.185e-05,1.985e-05,3.041e-05
0.00011648,0.00016084,5.18e-05
0.00013641,0.00020823,2.907e-05
6.855e-05,0.00015789,4.611e-05
4.904e-05,6.208e-05,3.081e-05
5.426e-05,6.697e-05,2.976e-05
5.947e-05,7.186e-05,2.871e-05
6.468e-05,7.675e-05,2.767e-05
6.05e-05,5.057e-05,1.677e-05
8.052e-05,8.871e-05,2.15e-05
3.477e-05,0.00018139,1.602e-05
8.192e-05,0.00015404,6.097e-05
6.892e-05,0.00014207,4.917e-05
5.591e-05,0.0001301,3.737e-05
4.29e-05,0.00011813,2.557e-05
1.782e-05,5.458e-05,5.934e-05
6.661e-05,8.402e-05,3.528e-05
3.335e-05,3.392e-05,2.409e-05
1.796e-05,1.041e-05,2.242e-05
2.435e-05,1.028e-05,2.273e-05
3.074e-05,1.015e-05,2.304e-05
3.712e-05,1.002e-05,2.336e-05
3.449e-05,7.767e-05,4.404e-05
0.00011223,8.045e-05,3.355e-05
4.419e-05,6.683e-05,2.204e-05
1.821e-05,0.00017497,4.55e-06
2.519e-05,0.0001722,2.016e-05
3.217e-05,0.00016943,3.577e-05
3.915e-05,0.00016666,5.138e-05
4.406e-05,0.00011647,4.122e-05
4.617e-05,6.289e-05,7.185e-05
3.375e-05,7.408e-05,4.568e-05
2.429e-05,9.128e-05,4.304e-05
2.808e-05,8.882e-05,3.156e-05
3.187e-05,8.636e-05,2.008e-05
3.566e-05,8.39e-05,8.6e-06
0.00010726,8.144e-05,5.144e-05
5.232e-05,0.00016401,4.822e-05
0.00014762,8.785e-05,3.639e-05
5.405e-05,0.00010337,1.306e-05
7.757e-05,8.206e-05,1.613e-05
0.00010109,6.075e-05,1.92e-05
0.00012461,3.944e-05,2.227e-05
0.00014813,1.619e-05,2.535e-05
6.144e-05,3.672e-05,3.127e-05
3.12e-05,5.906e-05,1.475e-05
4.39e-05,7.56e-06,6.31e-05
4.495e-05,2.667e-05,4.982e-05
4.599e-05,4.577e-05,3.654e-05
4.704e-05,6.488e-05,2.326e-05
1.887e-05,6.639e-05,1.484e-05
3.751e-05,7.303e-05,3.863e-05
2.658e-05,6.242e-05,4.521e-05
3.423e-05,8.863e-05,6.948e-05
4.998e-05,7.578e-05,5.903e-05
6.573e-05,6.293e-05,4.859e-05
8.148e-05,5.009e-05,3.815e-05
0.00014145,2.386e-05,3.332e-05
6.452e-05,3.828e-05,2.591e-05
4.79e-05,5.765e-05,3.018e-05
8.096e-05,6.304e-05,1.948e-05
7.929e-05,5.273e-05,2.192e-05
7.761e-05,4.243e-05,2.437e-05
7.594e-05,3.213e-05,2.681e-05
7.427e-05,4.575e-05,2.926e-05
7.259e-05,5.879e-05,3.17e-05
7.092e-05,5.74e-05,3.415e-05
6.925e-05,2.208e-05,3.659e-05
6.757e-05,2.418e-05,3.904e-05
6.59e-05,2.629e-05,4.148e-05
6.422e-05,2.84e-05,4.393e-05
3.834e-05,1.407e-05,1.678e-05
7.236e-05,4.654e-05,2.024e-05
5.866e-05,7.296e-05,1.286e-05
5.68e-05,5.773e-05,2.275e-05
4.559e-05,4.855e-05,2.747e-05
3.437e-05,3.937e-05,3.22e-05
2.316e-05,3.019e-05,3.692e-05
0.00014601,3.403e-05,3.005e-05
3.436e-05,1.666e-05,7.65e-06
5.151e-05,3.221e-05,1.572e-05
3.249e-05,1.415e-05,1.134e-05
3.559e-05,2.557e-05,1.877e-05
3.87e-05,3.7e-05,2.619e-05
4.181e-05,4.843e-05,3.362e-05
2.645e-05,5.28e-05,1.437e-05
6.861e-05,8.95e-06,3.586e-05
0.000145,4.211e-05,4.428e-05
0.00017309,4.313e-05,1.5e-05
0.00014378,3.524e-05,2.199e-05
0.00011447,2.735e-05,2.898e-05
8.515e-05,1.947e-05,3.597e-05
3.338e-05,2.005e-05,1.407e-05
6.225e-05,1.278e-05,1.707e-05
2.603e-05,6.46e-06,9.06e-06
2.16e-05,1.658e-05,9.24e-06
2.033e-05,2.039e-05,1.133e-05
1.906e-05,2.419e-05,1.343e-05
1.779e-05,2.8e-05,1.553e-05
2.3e-05,1.332e-05,1.22e-05
2.613e-05,1.814e-05,1.133e-05
2.607e-05,3.618e-05,1.192e-05
5.849e-05,2.278e-05,1.958e-05
5.021e-05,2.372e-05,6.559e-05
4.192e-05,2.467e-05,0.0001116
3.364e-05,2.561e-05,0.00015761
5.674e-05,1.254e-05,5.81e-06
2.387e-05,1.449e-05,9.42e-06
1.065e-05,0.00013697,5.215e-05
5.713e-05,3.108e-05,3.774e-05
4.493e-05,2.751e-05,3.089e-05
3.272e-05,2.393e-05,2.403e-05
2.052e-05,2.036e-05,1.718e-05
2.695e-05,8.261e-05,8.55e-06
4.081e-05,5.4e-05,4.356e-05
4.275e-05,3.994e-05,1.943e-05
1.633e-05,2.588e-05,6.435e-05
2.671e-05,2.523e-05,5.285e-05
3.71e-05,2.459e-05,4.134e-05
4.749e-05,2.395e-05,2.983e-05
2.685e-05,3.511e-05,1.451e-05
1.638e-05,1.949e-05,7.39e-06
3.138e-05,4.642e-05,1.095e-05
3.698e-05,1.505e-05,2.813e-05
0.00011436,2.393e-05,2.096e-05
0.00019175,3.282e-05,1.379e-05
0.00026913,4.17e-05,6.62e-06
3.925e-05,5.572e-05,1.287e-05
2.998e-05,5.506e-05,4.73e-05
1.924e-05,2.965e-05,5.778e-05
6.489e-05,2.75e-05,4.522e-05
5.326e-05,4.446e-05,3.803e-05
4.164e-05,6.142e-05,3.084e-05
3.001e-05,7.837e-05,2.365e-05
2.422e-05,3.988e-05,1.522e-05
2.71e-05,0.0001824,4.178e-05
6.095e-05,4.599e-05,3.195e-05
7.806e-05,6.404e-05,5.088e-05
8.462e-05,6.811e-05,4.507e-05
9.119e-05,7.218e-05,3.926e-05
9.775e-05,7.624e-05,3.345e-05
5.653e-05,0.00010253,1.812e-05
4.854e-05,5.297e-05,3.974e-05
4.622e-05,8.76e-05,3.179e-05
4.662e-05,6.375e-05,3.939e-05
3.468e-05,6.724e-05,3.205e-05
2.273e-05,7.073e-05,2.471e-05
1.079e-05,7.423e-05,1.737e-05
3.802e-05,7.772e-05,5.82e-06
3.013e-05,2.452e-05,5.37e-06
6.739e-05,7.917e-05,1.233e-05
4.969e-05,1.836e-05,6.03e-06
4.89e-05,2.477e-05,6.06e-06
4.811e-05,3.119e-05,6.1e-06
4.732e-05,3.76e-05,6.14e-06
4.653e-05,4.402e-05,6.18e-06
2.185e-05,9.48e-06,1.162e-05
2.307e-05,8.608e-05,1.028e-05
3.043e-05,9.06e-06,5.42e-06
2.949e-05,1.396e-05,7.65e-06
2.855e-05,1.885e-05,9.87e-06
2.761e-05,2.374e-05,1.209e-05
1.867e-05,2.992e-05,8.51e-06
1.071e-05,2.405e-05,7.45e-06
3.178e-05,1.661e-05,8.29e-06
1.467e-05,1.88e-05,9.46e-06
1.364e-05,2.076e-05,1.042e-05
1.261e-05,2.272e-05,1.138e-05
1.159e-05,2.469e-05,1.234e-05
5.448e-05,2.665e-05,2.9e-05
3.626e-05,2.079e-05,1.231e-05
5.553e-05,4.279e-05,8.04e-06
2.293e-05,1.861e-05,5.13e-06
2.866e-05,3.481e-05,5.57e-06
3.44e-05,5.101e-05,6.01e-06
4.013e-05,6.721e-05,6.45e-06
4.587e-05,2.338e-05,6.9e-06
5.16e-05,1.228e-05,7.34e-06
5.734e-05,8.163e-05,7.78e-06
6.307e-05,4.589e-05,8.22e-06
6.881e-05,5.195e-05,8.66e-06
7.454e-05,5.801e-05,9.1e-06
8.028e-05,6.407e-05,9.54e-06
2.63e-05,2.667e-05,6.34e-06
1.395e-05,2.283e-05,1.08e-05
4.188e-05,2.924e-05,1.464e-05
2.731e-05,7.27e-06,9.55e-06
2.339e-05,3.02e-05,8.65e-06
1.947e-05,5.314e-05,7.76e-06
1.555e-05,7.607e-05,6.86e-06
2.117e-05,2.167e-05,1.418e-05
1.539e-05,1.235e-05,8.969e-05
3.882e-05,2.6e-05,3.059e-05
2.015e-05,4.079e-05,1.715e-05
1.708e-05,3.484e-05,1.324e-05
1.4e-05,2.888e-05,9.34e-06
1.093e-05,2.292e-05,5.43e-06
3.595e-05,4.453e-05,1.988e-05
5.184e-05,2.969e-05,1.289e-05
1.873e-05,2.364e-05,3.163e-05
9.1e-06,2.878e-05,1.561e-05
1.428e-05,2.534e-05,1.59e-05
1.947e-05,2.19e-05,1.619e-05
2.465e-05,1.846e-05,1.648e-05
8.05e-06,1.502e-05,9.15e-06
2.384e-05,6.41e-05,2.319e-05
1.811e-05,1.857e-05,1.073e-05
2.464e-05,8.548e-05,1.029e-05
2.091e-05,6.985e-05,1.059e-05
1.717e-05,5.423e-05,1.089e-05
1.343e-05,3.861e-05,1.119e-05
1.18e-05,3.913e-05,3.2e-06
8.71e-06,2.692e-05,9.24e-06
3.655e-05,8.408e-05,3.039e-05
1.209e-05,0.00010942,1.463e-05
2.614e-05,8.534e-05,2.08e-05
4.018e-05,6.126e-05,2.698e-05
5.423e-05,3.718e-05,3.315e-05
1.131e-05,1.302e-05,1.469e-05
4.87e-06,7.65e-06,1.156e-05
1.553e-05,9.27e-06,1.894e-05
3.149e-05,6.04e-05,3.404e-05
2.625e-05,4.947e-05,2.548e-05
2.101e-05,3.854e-05,1.692e-05
1.577e-05,2.76e-05,8.36e-06
1.043e-05,4.339e-05,2.45e-05
